129257823
891625490
2005567908
1662548072
658225048
124619346
894161477
1278593180
230042179
1299920542
25504010
2092833572
1810453935
1865573144
1186292018
1533579696
1414683338
956213689
1950757451
766099278
486644064
1902921053
602854549
1096530764
763803282
337705479
1633832953
1234614795
1031978849
1954375998
1812121703
725139917
1622872195
1438657108
2101478192
1393837292
783441859
2070404873
401290008
1667332503
71887285
598995019
333703371
1910585626
2065115544
14527352
985112366
614335509
1328776850
654429097
2010879945
1804161259
1943956955
1041319607
153084571
1432948984
122398495
318575638
1634767737
633110234
1361694648
254964447
593727778
259547807
136835259
1238497692
1680402580
1178530723
135540683
148668461
45539723
454720872
1333077279
233548691
1675183267
853550146
889103151
855851873
1499272128
689751706
1174997923
589946300
678833034
391644013
1967161001
714521683
1125390432
985047121
1948907334
175911730
473227105
203632877
1366405529
172372195
682805398
682476780
1214551386
1719022232
752622383
898669619
158227376
1297469978
1322772351
469615914
591638004
548392693
1882351983
276069981
177157087
2111922002
1312418998
1650432294
938162384
2112406631
1492067256
836051639
142442036
945693969
1567865357
1928211757
688594572
372475856
1141999915
302855089
873230816
580561691
1709595853
1053898842
509063076
501404796
1419007427
874818845
2073464797
409855786
943281468
2055207853
1990707150
1262385810
1637440746
395094880
1290602018
1728468891
1524569476
1580287313
1415855590
2054976780
1103978024
1362268726
348869292
172393262
108002188
1660730502
1777018323
1076755936
675683105
258733167
1329818884
2054914296
104888196
1523224475
858590009
2012795577
1976115807
421904641
1534086210
441376090
1742003076
526491187
751577402
1350476989
1434340076
281936034
1276586748
1260580579
1798567614
1909499649
1938242776
1926971766
2042298621
261579250
1129640426
1287845806
16687454
727996663
2068604139
1844503326
1123075168
689991990
118371670
1809499605
1458781281
567930064
989205512
273465902
1172772292
764224367
336507125
437741416
275145517
1983093934
31319566
200276497
2068121658
2051527559
2038606076
1944548393
796074762
1247898757
687912044
429233861
821444816
496923412
1142066890
687925556
492470004
1390722742
1521879455
1974579434
805822051
1865482055
1999715009
1212160181
30495914
1156556123
247240124
1671059930
1761677390
784254254
1264090193
15876475
702177847
615596408
2076640049
1727873285
624331463
1788356519
94907575
112361542
3518875
220614191
459932779
1536159717
1893010519
558492661
414898191
48002673
1531744898
1890561806
794765385
1578613141
1157318663
1805979904
957477894
1277212555
732366970
383778117
2046915754
846563091
12862552
300572680
1781791383
948916546
573222498
244588685
2091545582
721158395
1997936507
329432191
2061638348
381161203
2002322982
652311919
1653197653
2002238336
1154702735
2093235107
1887635645
188871677
1545698905
1547545438
965219800
717519158
1091393043
496483143
1733183873
1631014390
1580705150
557808141
1157701699
1793840436
945209894
1056606742
144746250
1032663450
347966789
442945097
1649623235
1409559766
1419371903
299580056
1398326113
321368907
1055573592
110627695
948624774
599127409
1191440478
992439540
381913597
712717761
1016012733
1907873678
1281608554
666716673
1054021951
720484978
1954873697
1364344715
1950020389
76844302
108494593
1722345683
1529366861
1958377610
1434730126
1480714672
1136312807
213589410
1529386925
816484618
442955517
1543716915
1931114273
1740154827
497466577
1289029421
1133745647
318911414
236658364
878938378
1576461944
1875338198
1361969982
852214799
332600146
1706114067
799783358
303806135
1310518637
1089416597
2081846362
359355729
956109779
1460719220
1092427667
851128826
1901134793
808554401
690640853
1611179491
1184400890
1921566005
76539758
2115833205
1256013245
1944222171
1056074136
1969820439
646398016
1150871269
1873519197
2084358497
1206439736
226237162
311064203
1956503379
210976685
150327498
979281982
1406765077
389585470
786069589
879638206
2092447982
1903631636
1956830395
114994528
1616965676
34272449
1617008291
1108920
1079529446
340466583
1532846380
1844866907
1362333710
860351975
2062094538
446824465
780349989
1629183125
1773637149
1837956051
1664768347
1934291463
1926141985
1211168717
1685016267
719465066
754276759
1450206325
1818180027
191119363
1273592779
1678307160
651564516
1702128881
1926752799
626892701
1935765857
110211580
1419217059
538784109
1119988430
584038367
1785673102
1280269736
410553964
1275094742
1556271192
926061176
1826589813
1355447466
652320378
2042838840
859727690
239427917
1313058938
880394875
1970007904
821640931
1839839824
1847433512
26250491
1273738426
1137068021
1558389971
21809782
833665888
1435407902
140594975
316406044
510973724
158460778
1893365660
295618631
467025898
1438533597
1961412185
1394192989
1427942212
1170183857
1199909587
1504242532
1569618569
785440264
10487382
1684030713
888687985
765809585
624376243
1123368299
740379876
681463557
827084204
1799076781
2116427765
94606483
2024613680
1819071749
39334281
284714479
1065364875
521388149
452494594
1261048129
331081934
389767227
962985563
846025227
1320298203
688730943
351575530
280450554
1535545708
1938402605
111921332
399766070
1563707466
1233213370
0.455225
0.079967
0.748381
0.215786
0.910184
0.428336
0.157316
0.320319
0.409338
0.512198
0.588366
0.708398
0.750151
0.694167
0.643218
0.255542
0.479000
0.505297
0.364877
0.387817
0.475706
0.935013
0.237495
0.249721
0.810123
0.667207
0.012192
0.322538
0.228260
0.752865
0.004237
0.304370
0.754472
0.702557
0.761873
0.515189
0.759003
0.505866
0.408840
0.940986
0.238939
0.288976
0.300359
0.723310
0.920419
0.373671
0.220838
0.855024
0.042578
0.895455
0.964293
0.336728
0.360173
0.995066
0.141308
0.469918
0.135660
0.082116
0.598908
0.634299
0.026449
0.714151
0.316505
0.566174
0.997307
0.435285
0.746637
0.944634
0.306264
0.730702
0.129533
0.100941
0.898388
0.804443
0.682639
0.600860
0.298385
0.275416
0.757547
0.582538
0.783923
0.122289
0.824916
0.152854
0.420479
0.619841
0.200897
0.691856
0.675862
0.506947
0.455104
0.354301
0.507396
0.384339
0.058742
0.988473
0.969056
0.749606
0.657011
0.336074
0.127946
0.862464
0.234199
0.823102
0.772872
0.830992
0.554980
0.918542
0.420033
0.344743
0.054089
0.008348
0.028742
0.886401
0.477178
0.316220
0.163708
0.612531
0.895906
0.683413
0.460473
0.586679
0.814247
0.326959
0.302302
0.536380
0.395558
0.860012
0.591694
0.176303
0.441974
0.777927
0.707359
0.180739
0.684087
0.088002
0.519473
0.268093
0.642157
0.709338
0.409567
0.823416
0.139960
0.388231
0.286558
0.683739
0.213427
0.445430
0.675677
0.122832
0.161995
0.660844
0.136095
0.269496
0.895525
0.364785
0.156410
0.264598
0.126006
0.628933
0.090423
0.183311
0.622735
0.835178
0.306653
0.658864
0.785728
0.913812
0.609613
0.960755
0.612193
0.740215
0.240203
0.654766
0.152113
0.517021
0.678402
0.865570
0.916006
0.795418
0.812269
0.182046
0.805353
0.436554
0.520094
0.069787
0.302607
0.470357
0.462166
0.231206
0.662395
0.284536
0.747455
0.835672
0.154413
0.240606
0.810142
0.000085
0.768236
0.406584
0.337027
0.613901
0.486109
0.288136
0.896952
0.307902
0.655531
0.936628
0.928719
0.118857
0.296554
0.468970
0.512654
0.766620
0.598849
0.873412
0.723375
0.530088
0.995609
0.168419
0.953189
0.015388
0.770560
0.774447
0.008312
0.767847
0.002579
0.200359
0.303203
0.164837
0.493043
0.498037
0.801421
0.785809
0.428801
0.007720
0.289841
0.083099
0.897118
0.490998
0.043746
0.201505
0.939712
0.973013
0.409731
0.159009
0.368424
0.374156
0.193526
0.716150
0.167692
0.951915
0.053490
0.064084
0.126993
0.132739
0.888579
0.200786
0.009016
0.776429
0.942439
0.391924
0.778024
0.954402
0.529394
0.239604
0.792979
0.647764
0.026748
0.928210
0.331047
0.430429
0.918725
0.156518
0.125471
0.757503
0.642652
0.936254
0.443732
0.688117
0.118695
0.062730
0.657491
0.696355
0.574609
0.898837
0.032425
0.892044
0.686638
0.313268
0.639556
0.502897
0.339832
0.465378
0.320842
0.481047
0.420527
0.602728
0.025429
0.911959
0.290786
0.138755
0.475345
0.852606
0.111420
0.993839
0.860448
0.756602
0.380737
0.853221
0.787468
0.246255
0.596422
0.746086
0.703416
0.122485
0.526611
0.763378
0.780629
0.625124
0.940579
0.229206
0.100458
0.462176
0.225591
0.102828
0.584312
0.363838
0.607936
0.330197
0.657131
0.672181
0.077894
0.032113
0.756237
0.227716
0.889545
0.968221
0.879440
0.708642
0.047614
0.198943
0.933275
0.539141
0.810523
0.992561
0.895638
0.987839
0.757089
0.801847
0.215410
0.108857
0.375032
0.209746
0.078317
0.491806
0.571366
0.840198
0.259498
0.079371
0.598934
0.388358
0.086099
0.030840
0.936060
0.778984
0.468380
0.089915
0.404823
0.096175
0.584654
0.163239
0.588900
0.891046
0.552518
0.731305
0.172991
0.341051
0.106398
0.663304
0.955587
0.137886
0.917886
0.626026
0.266348
0.341122
0.002054
0.011696
0.647546
0.661628
0.050183
0.672457
0.712829
0.871742
0.224104
0.391876
0.108316
0.043104
0.325861
0.687426
0.466486
0.444671
0.971064
0.590729
0.356228
0.634760
0.035672
0.759006
0.976744
0.860522
0.979079
0.101453
0.259101
0.880052
0.250400
0.317789
0.212127
0.086415
0.244096
0.156023
0.655292
0.872473
0.525288
0.440411
0.359248
0.936539
0.315726
0.738022
0.617407
0.922937
0.300466
0.468480
0.882193
0.988905
0.542405
0.890949
0.284912
0.909533
0.914480
0.587261
0.568910
0.682174
0.231275
0.928959
0.267528
0.109306
0.142535
0.272155
0.723731
0.521475
0.071409
0.463376
0.615992
0.337308
0.663750
0.579954
0.101732
0.980084
0.350531
0.725107
0.340771
0.906864
0.540437
0.740280
0.704410
0.476119
0.053374
0.855223
0.022061
0.357803
0.266481
0.105625
0.393226
0.939219
0.576909
0.496003
0.726220
0.309605
0.038905
0.181238
0.368034
0.902428
0.425594
0.323026
0.117797
0.203873
0.469282
0.943698
0.727744
0.916664
0.476424
0.992211
0.510208
0.146139
0.134591
0.673133
0.965441
0.747092
0.619649
0.767244
0.51639715233223
0.33699065321308
0.43392602941900
0.32096011320687
0.46396839345782
0.31566170110145
0.49724715934811
0.19116371294466
0.45600471940316
0.48288453879856
0.83757781270027
0.92255764854898
0.36727068727486
0.41435617917820
0.75482434353368
0.69455872541182
0.31088618214403
0.60790382673709
0.66038559322611
0.91944710015140
0.69755463928331
0.69584813113680
0.68456388516342
0.24958010224228
0.33135708379510
0.31767939210415
0.33337808503113
0.03185271947429
0.60442439382403
0.35656402689548
0.31839961693189
0.33536895532058
0.31058970653830
0.95730768207093
0.45453963767842
0.05912788928229
0.92272238465612
0.88884332342846
0.39046765755376
0.18088251652761
0.30929116430757
0.34500555611471
0.93215446668147
0.31707722107987
0.62347433758718
0.52784560408508
0.13894328571018
0.31245032581952
0.21011856822052
0.60284284852669
0.94391374292399
0.68670838063394
0.37088625971873
0.88044428394530
0.77352953207679
0.24431270685738
0.55385391723896
0.69151729865882
0.56011288675814
0.60149798313611
0.28468808104180
0.09852683431566
0.85802221473891
0.53071179377820
0.38133752468831
0.86450535304636
0.54201002558535
0.31624793005778
0.29315360049484
0.80894422419694
0.80424198504538
0.95815405717571
0.00412879618276
0.52950009124523
0.62971223076299
0.58915832569626
0.06659656708073
0.34229424964496
0.84260769354745
0.65648150147962
0.90570483392899
0.68241949108231
0.75839161918790
0.72105605713323
0.31152551422512
0.14707112242257
0.21271128204184
0.61689246089539
0.83376643268622
0.73551584992929
0.14230817419039
0.23446453491568
0.67001824798596
0.18193720997742
0.22687592956768
0.66221054185400
0.85198629895928
0.33819293122706
0.76951641548345
0.70389010505870
0.88781402148678
0.59200084610010
0.50559401792497
0.68570742523428
0.63631248116287
0.63123991820476
0.25100675365664
0.70105923154594
0.03303623228546
0.62197894589382
0.19990654506747
0.41323997391907
0.69953072713561
0.76314023170438
0.62626414463714
0.40818253170270
0.74650024829886
0.99325563394374
0.01223203050489
0.94973975674215
0.61566043786959
0.68272450213743
0.16471287596627
0.78092678772431
0.47348446212354
0.31707269858485
0.43686107230754
0.15172140853713
0.25692068277157
0.96289736651156
0.80004005071341
0.11126366309508
0.53488312261583
0.41141747945455
0.06710709587161
0.29451025152191
0.49288397105375
0.20241027357230
0.12849638617482
0.75706837321647
0.06390759466366
0.93305543535479
0.37744826445353
0.97328670310489
0.47675769358091
0.36773120055525
0.38214283173806
0.99568718961239
0.90777962018899
0.73084337386041
0.06898800354828
0.97203993059259
0.02238588604596
0.95452728473641
0.19233847073660
0.87456843468208
0.21259253130684
0.86239399587025
0.55872934714766
0.97900306917338
0.26647971282236
0.19054911655124
0.07262916083048
0.76118643096167
0.38161130472560
0.75634045392775
0.44835278420113
0.64902152465943
0.48861429511878
0.46845318692441
0.50193906123062
0.06982543082013
0.07000241814677
0.36680207291290
0.08145912739280
0.70290120925069
0.78931563975456
0.99961018176098
0.54706698649171
0.85186443879108
0.51082271660240
0.01641885964931
0.69571302157326
0.92318912325018
0.87641586735165
0.17550601719448
0.83343652793698
0.63051246241319
0.09965143009706
0.44642615185441
0.20207315252469
0.64830095817124
0.88563206111720
0.54960534981566
0.29421992610107
0.26532534535557
0.99510008309104
0.18366353820853
0.72622032362031
0.81620316074499
0.12029619853755
0.56191551011715
0.97048931069014
0.25384304932661
0.24301574951435
0.78656942540521
0.66799187254601
0.29865631042141
0.16989609583657
0.32248522193126
0.99672041701566
0.11696300314042
0.02566885112922
0.71532833389258
0.15227215551128
0.49028621627035
0.48731336533617
0.73371600661002
0.20907022696526
0.77231871643086
0.86635785790473
0.11881976439845
0.42399500396908
0.78507466769174
0.11914030401132
0.06754484274573
0.40204487438383
0.08791089369513
0.31992068112246
0.62383147877276
0.67763034921861
0.57588645574630
0.28191761142405
0.47741056875659
0.69440302405759
0.85870325720240
0.40022257643967
0.36304606145372
0.38389802256232
0.47740864068229
0.11204605946660
0.75820087881217
0.82447492387573
0.32359951415447
0.67262978708770
0.81679604599209
0.98569570085687
0.52318494256921
0.22564285631146
0.43284486824748
0.36760230349442
0.53987854742058
0.56671921752135
0.09940167232468
0.75651292601793
0.10324778581814
0.95043558277226
0.65999232245978
0.35208983100065
0.00583897702362
0.26593986465095
0.80900704639686
0.34292114774035
0.78567548848096
0.60702931979109
0.73117579669777
0.94863724147357
0.57686358191503
0.63240974552581
0.36459925956844
0.60977210555728
0.57362725103824
0.94395498860299
0.48997658028674
0.92806153652270
0.42922038277836
0.22601131398754
0.41352364002005
0.84776908231492
0.89370620811846
0.16438601665329
0.75049854858426
0.52910155915130
0.93999700473025
0.52255299011620
0.58367309488360
0.62381234786253
0.49019544520147
0.21091621767589
0.80125344397732
0.15449022970317
0.70678464568133
0.78858903974456
0.87556539657113
0.99800040968046
0.06415547955625
0.20286219734776
0.86398215191183
0.91481196100705
0.95846879736119
0.18248471015683
0.74659780004783
0.99463065547187
0.31031853290964
0.49051959923345
0.60720500143802
0.35160014768985
0.94471687093974
0.73565879431126
0.43006067360828
0.19629898935552
0.40369659884771
0.20466299069136
0.55963206795815
0.76634975829190
0.48641398087574
0.57091767027277
0.82786160184473
0.87650972489838
0.33852079067818
0.52087602514708
0.72756502842522
0.51718728034009
0.59566309592965
0.28767982450451
0.05127798746550
0.13816012024648
0.48176004913930
0.71399154451653
0.45642454956133
0.75718062772142
0.83802517577698
0.41479986548796
0.03577244370412
0.26564355723053
0.07914164139080
0.96026331119892
0.25200180488973
0.79264788510654
0.45950921968642
0.17748848481245
0.83013273027850
0.89848073046902
0.55970498437525
0.11330285932512
0.88791593740538
0.32581042310344
0.53597664837055
0.64294761213887
0.87628173598820
0.50114779584579
0.01050751185581
0.96276027495718
0.73588862619135
0.27459417633094
0.18348425321073
0.98973649279048
0.57094673659997
0.12625692073013
0.54923725392868
0.60158826855681
0.23089598562343
0.06243565949521
0.32525505418907
0.54284841539920
0.33281813794073
0.26478999011628
0.50964453303693
0.91067937289239
0.12672152713902
0.93685624738346
0.85462662836393
0.82053362403044
0.45401202511598
0.24209648141469
0.32013506768835
0.78554913700175
0.38260264177901
0.26360072576378
0.66263646768816
0.44868132526475
0.80840754727480
0.76919707260898
0.45297152416295
0.50193941198970
0.82759890649034
0.46845221255162
0.11135820522635
0.69268287532428
0.57264753487206
0.08276495933108
0.76924022119872
0.34753882618159
0.09482146190094
0.63235505207788
0.23491046296535
0.46560490373649
0.95859042820916
0.40786591028076
0.92688667042601
0.43755888309447
0.59567783109645
0.41075671842483
0.86152081676657
0.74940146522037
0.43291384118885
0.22257879025553
0.58381766739427
0.80692831219316
0.61623101873751
0.41818736388867
0.22090498266555
0.66258994620330
0.27270873547165
0.17089284754156
0.48707081935940
0.39968285458612
0.00794181230646
0.51348637173723
0.91611968551953
0.84058849112122
0.71014067409361
0.39501293797619
0.36715413528745
0.99095803755399
0.63500126076095
0.40247579336115
0.22778550152358
0.62040072966459
0.34639699037276
0.27982470080724
0.49105038324139
0.90085711570733
0.86332978254796
0.14612426222331
0.36556183969556
0.50740462139803
0.29830057161553
0.21127838947252
0.22703245666295
0.02405163400872
0.21127980069341
0.96320699299730
0.33536355715666
0.49962979944677
0.33895053551081
0.43529169028652
0.17946844400279
0.96750736898340
0.98866085717831
0.32089962500778
0.07275074574257
0.36004586969821
0.57540418168929
0.89772174917699
0.54285726939933
0.97786106805035
0.60318655544091
0.91915950434631
0.70762808375670
0.19284215445607
0.23503363700463
0.47398730524455
0.38197881312138
0.54164374064873
0.33521924575357
0.82729778739273
0.96937576085775
0.22699727669860
0.44987357968244
0.22258005295110
0.90909482048253
0.34486253508041
0.97965502431185
0.88049147722653
0.01278314424423
0.94176014877403
0.34030591735834
0.76898609385865
0.95807950186767
0.99156670685502
0.85271337779031
0.56817487962199
0.65249169229498
0.02861821200795
0.75864449370923
0.32676378446839
0.68569969309389
0.75300306167662
0.33828377926212
0.34159541178807
0.66611261323338
0.33189549454047
0.04436258814706
0.05121284802990
0.33591430702187
0.26167472166800
0.26696793089776
0.84576635829447
0.82239473053877
530988624
891341337
1028205966
191815761
1318542320
1461250574
431277782
662577812
1684271848
1725307484
443427550
1119270731
337540059
1018549017
665890538
1183115172
1296360066
1961513898
782451236
1859569423
919720142
396371965
503404118
984728760
76467039
1073024875
1880370242
266837237
1578055584
148988804
708453464
1621018580
978483264
950632035
62723641
630877092
1452499475
202033204
1436614853
2100442676
387267772
266752358
1282102486
1562923163
1913015678
1158976169
1345662265
143756795
1387064721
1088497802
1608408626
2066539762
1562073659
727353943
1269684449
24575777
51643941
740108798
1427965529
811105805
525596358
1831273755
586834529
1167388199
1253309601
605655379
1279856060
1209757574
1550805864
807011274
786966117
1895199159
4606511
135764917
1945433356
1655246947
1907927454
1581990789
703707308
1737547515
26076409
834776347
292963155
181254685
1722827864
1490450724
381810775
157277968
347035064
666002974
1944680497
192213169
2035379317
1244326335
1045632907
869905062
1409921706
649863636
225789267
777707430
1776876050
467331494
1552545327
1026668941
169602988
553198541
1208389078
1413879055
1293022041
1435032207
645161361
1059091110
378323326
204243226
2037470931
1096028094
2125446247
1327345239
23652745
1822488331
1118550371
2026594069
1943319940
5741864
1929698340
624540311
1521445755
2120930097
470299480
616497631
1079423783
1161355470
1983598070
1845491101
1220238697
2025680742
350184138
2007431219
1292918379
1407355737
1034462011
73965527
1862063095
492778448
1952534040
1194693951
254079216
932571640
31746881
556976214
129257823
891625490
2005567908
1662548072
658225048
124619346
894161477
1278593180
230042179
1299920542
25504010
2092833572
1810453935
1865573144
1186292018
1533579696
1414683338
956213689
1950757451
766099278
486644064
1902921053
602854549
1096530764
763803282
337705479
1633832953
1234614795
1031978849
1954375998
1812121703
725139917
1622872195
1438657108
2101478192
1393837292
783441859
2070404873
401290008
1667332503
71887285
598995019
333703371
1910585626
2065115544
14527352
985112366
614335509
1328776850
654429097
129257823
891625490
2005567908
1662548072
658225048
124619346
894161477
1278593180
230042179
1299920542
25504010
2092833572
1810453935
1865573144
1186292018
1533579696
1414683338
956213689
1950757451
766099278
486644064
1902921053
602854549
1096530764
763803282
337705479
1633832953
1234614795
1031978849
1954375998
1812121703
725139917
1622872195
1438657108
2101478192
1393837292
783441859
2070404873
401290008
1667332503
71887285
598995019
333703371
1910585626
2065115544
14527352
985112366
614335509
1328776850
654429097
1679081482
1695474344
1027764638
169675064
769125962
831124162
859962994
675926632
728964677
1907838575
547557739
930621232
501100437
146609245
484402566
1392500230
320761926
411913377
1428745391
1221580879
796003048
1231631543
1352988212
525514365
1313445224
696732356
1770676031
1545531799
190035022
1024606141
1342155803
550216382
242980981
718386383
167213298
467214248
1866086193
580721442
480801821
1449055508
1069945247
1041358598
1642000481
82255401
1220935383
1195059050
1853433244
241395504
669066503
556397887
