182997154
980243147
525052506
2019719429
1284886589
155656878
1048740876
115060897
862575554
1658089133
108607816
811661852
140275319
244735413
30511366
92458912
1780071600
1007621128
817259503
1749225907
1477987543
323655870
1079787480
1525898793
1286028553
491521188
1806060009
1506979221
2039235216
165159676
208632912
1749954329
1861992450
1473562181
320464002
183746587
926397279
459756705
614504933
151382196
687391447
831885882
1167319930
211455669
2110289956
616759194
1362983493
870083917
2011047303
1411321372
47349973
1892523924
830859568
1958786195
730610682
1859619350
716349708
994881505
1884877912
1014954219
1691786504
1025151363
657210055
791586676
1099037714
1868448777
1692347972
1460416070
595330613
748221135
348311646
1037378259
1597344249
803812994
2036799421
1312821219
1301591250
1019830737
78225855
928335293
2036469592
1289499649
1233844866
1148336379
495817327
1005356803
1825265598
1647052241
197712002
1183890214
1183405739
396353740
1762658558
644798733
1242980094
739317667
1487939406
1822630565
1271548451
1108961696
706040167
39656472
1833393062
1401650593
1642806011
550918089
305060038
1188062354
497316276
243394525
2108733603
46387459
1110105413
824149788
400843049
1658526252
269995852
1378516169
26637038
410372319
1003963543
928708029
1896000499
921315445
1641410062
790644144
1946856559
1252325370
1327457963
1407813879
280843573
1492139874
526490823
1244389354
1249778725
2099608387
488175297
1995719452
511616748
722210213
1901401238
242610881
1855662872
139292528
278402137
641928149
1820348178
1438722282
541157614
928148494
1016879601
1770886984
54147044
1341445208
1331900133
767087122
1399346935
773551166
155211299
1692424100
1464472933
563769229
62598784
467239664
1678040064
1019236288
354363047
1253487521
1200905665
1912278799
1769631816
396747658
1746229099
1954232935
2082671973
2102953123
847425252
218133881
657189250
430720043
1295389412
162734913
456535515
1176299256
273458607
417509155
16451185
1111619082
128329567
478197924
1900908566
1342284455
1092129147
665825799
2050891282
1488633220
599254084
1302804920
848570997
710567194
907332439
734663498
477936282
919104274
251781459
2051314905
1353615826
6681001
1632393464
932464398
1312042154
1506855584
1888461214
1253882575
871439364
1654529287
1943324377
472207523
1505090104
230681282
838565205
1857140297
801482745
2106484442
1303305732
2002628225
540747303
1159890840
35918202
470729892
1363869116
1251102272
309340609
614591529
769011708
1837326594
220428087
1051692163
408568808
455575628
1196649666
1730441854
616019756
1021201297
762561673
65063158
1571145132
155420776
1155919183
485858392
1822576979
2081420940
1265175884
9482277
1450216829
758345602
2103723639
1819350853
997915729
848007280
1786468060
1288236387
1267476189
311176800
398920139
1111772872
814818918
1028762672
183483289
971674797
698933437
987041171
1869579462
698033803
2071603499
295335252
681030022
280110957
302891909
2139470671
1246680071
1471011666
1686677251
1344747207
1960063221
1792286990
1818480207
1098873574
1216111524
538932864
1881607000
1966552622
1056870988
2102406969
663490056
847410935
116576065
2017958629
1524957120
917454901
2072802312
498800140
1366589578
619734046
2009394450
1543240155
1367939463
1822687838
1305732997
1249020343
1522712532
721340992
101397054
1038131058
1137553601
865695486
489228372
1407731978
454917256
398580385
1067295970
37500789
1613886540
386618226
2140888043
1735934621
1928442217
1227130727
432985582
1470155642
719546349
396453971
93733051
262660602
731309538
1857302980
2017344593
1015895977
358999679
1310363859
106406778
2514994
1472008026
1641070229
782799159
1758738910
802701469
631291884
1355220806
1424954654
233949258
625556574
1253918264
1599042057
1141344276
1900908835
1976223819
1620156844
1207509819
1817009576
2084732474
432189261
959658269
538618415
2141452345
2105712356
1340601934
2115194356
1049947155
1258874930
531177503
2133900012
1294618897
550347315
735686984
843503640
349796213
194627279
1557683812
2055248858
1370538723
1544699072
1550152269
192089195
307091590
96291152
739578706
207640831
453993963
114239791
640484774
1127151763
1326888538
411009848
1902930192
452366
874957959
743356685
816693878
1803839239
2027211820
323478587
1984357861
581463215
267228064
540473485
1724562208
127791453
1421641282
1251300303
1818515446
228361347
682586589
1760468478
2064648405
1230707479
57303563
637734771
1654262525
688848088
1045175708
1906910024
570884749
1905407811
1637356937
659228482
1524700782
528293629
1668770424
209281767
1801749637
1853994139
1570228407
1111746269
653975114
1346015334
1107003000
1513824319
1233802201
552342046
1711074366
2099082827
351874407
337480501
1825705334
1694618140
1827328899
30351041
837364191
1659133281
203628599
713311514
1503396533
682808507
2144364161
809575332
1222432116
194117867
825997351
1796294773
2084282802
1463126747
1738250532
1835031468
268722855
915603680
271591373
1744063938
1704455313
1270173671
1571915868
2042499272
1286163519
704577726
1717543017
626055368
868827564
799266579
344073070
69842515
1071479410
657082754
1156759897
1453007773
587694234
1697988423
757582925
513728237
1841666695
1284247162
2018340631
821219249
975586551
921872572
78917840
329913347
695689677
874011045
57484672
1903562060
0.658053
0.551562
0.187979
0.296808
0.281578
0.495918
0.589155
0.444410
0.474906
0.947758
0.678619
0.742282
0.107869
0.695372
0.017141
0.684191
0.615959
0.907197
0.811641
0.567254
0.919333
0.251522
0.732350
0.578711
0.270919
0.841895
0.029191
0.571808
0.357838
0.806187
0.492810
0.536877
0.927150
0.103794
0.999571
0.595667
0.918043
0.921010
0.418058
0.200784
0.680036
0.418310
0.665767
0.827004
0.310969
0.531677
0.310919
0.871498
0.418994
0.200844
0.288546
0.351842
0.611276
0.184181
0.218455
0.512269
0.547331
0.446513
0.799836
0.953656
0.469603
0.043103
0.804592
0.876802
0.300922
0.453802
0.871024
0.225266
0.415419
0.108719
0.590979
0.308942
0.209010
0.899214
0.067707
0.959648
0.406665
0.375892
0.829870
0.879680
0.206808
0.205592
0.153801
0.269261
0.730770
0.628327
0.611945
0.726853
0.788385
0.884034
0.655384
0.402954
0.713928
0.880302
0.068064
0.426456
0.293817
0.770129
0.014841
0.823801
0.601296
0.267259
0.523306
0.980761
0.271122
0.977653
0.856411
0.973257
0.832885
0.687788
0.151196
0.068025
0.523974
0.953646
0.621026
0.575944
0.187315
0.085724
0.196532
0.088853
0.882005
0.027115
0.301636
0.670582
0.442524
0.611885
0.681702
0.231514
0.692427
0.477104
0.752114
0.064560
0.108388
0.555047
0.843860
0.258027
0.548985
0.490017
0.730367
0.110219
0.831523
0.222111
0.467836
0.538988
0.338782
0.027390
0.346037
0.648227
0.011531
0.263487
0.192151
0.770453
0.327679
0.448611
0.169603
0.697369
0.611394
0.370577
0.364708
0.910594
0.197139
0.364577
0.732722
0.970462
0.316994
0.072490
0.018489
0.061600
0.042531
0.042124
0.632121
0.842862
0.685714
0.835012
0.404959
0.568147
0.790333
0.104050
0.222796
0.196431
0.120275
0.457400
0.958947
0.537154
0.838261
0.271123
0.756870
0.477165
0.625975
0.709342
0.806743
0.476370
0.899730
0.104167
0.306832
0.639532
0.088187
0.128113
0.904924
0.507116
0.411623
0.995729
0.802248
0.508999
0.290632
0.713522
0.771114
0.265364
0.413915
0.357169
0.471262
0.629659
0.904696
0.147741
0.924396
0.348667
0.110431
0.694352
0.160959
0.584291
0.399835
0.365847
0.227062
0.841882
0.350164
0.130917
0.092353
0.406939
0.713375
0.585630
0.678936
0.802821
0.820506
0.243635
0.906170
0.428904
0.641224
0.117921
0.210803
0.554729
0.096298
0.558565
0.162572
0.229089
0.651344
0.460036
0.463095
0.777302
0.443677
0.724354
0.458565
0.985047
0.466396
0.533349
0.298385
0.185995
0.158069
0.620151
0.203814
0.174955
0.037054
0.852719
0.023587
0.247030
0.685208
0.245352
0.817773
0.006480
0.188090
0.270050
0.577729
0.882310
0.168735
0.378238
0.515741
0.994265
0.967962
0.048054
0.598882
0.752816
0.128891
0.166629
0.902532
0.726653
0.831347
0.297708
0.482643
0.966783
0.877701
0.406139
0.651495
0.921146
0.624596
0.799276
0.687792
0.913154
0.503190
0.896580
0.071161
0.049132
0.372497
0.456986
0.831101
0.871751
0.495536
0.070349
0.021704
0.793937
0.572580
0.985856
0.172615
0.328538
0.036474
0.803347
0.162663
0.382813
0.711287
0.873470
0.085700
0.947703
0.369537
0.548384
0.578175
0.543133
0.333789
0.429731
0.764324
0.407350
0.719884
0.670294
0.023340
0.965245
0.225108
0.316811
0.014528
0.601312
0.006482
0.005821
0.208699
0.149236
0.198171
0.245730
0.392691
0.617020
0.904927
0.180749
0.058925
0.409909
0.045301
0.877272
0.294694
0.396249
0.583618
0.411113
0.181879
0.977374
0.609643
0.035555
0.539014
0.456022
0.809574
0.489663
0.286867
0.491479
0.203980
0.116796
0.713897
0.416914
0.634037
0.327607
0.006672
0.407987
0.980996
0.187672
0.948941
0.790931
0.291913
0.523832
0.397293
0.715613
0.029392
0.309920
0.043752
0.797669
0.528476
0.788722
0.178633
0.472087
0.812741
0.054275
0.123817
0.966846
0.738374
0.153095
0.456845
0.518555
0.386978
0.384208
0.733861
0.178603
0.885935
0.921258
0.450690
0.722681
0.673350
0.102154
0.052656
0.862952
0.455682
0.973709
0.156546
0.174499
0.260213
0.177915
0.706033
0.547907
0.384722
0.474936
0.361979
0.617647
0.829847
0.230345
0.559533
0.893224
0.380194
0.141300
0.593726
0.978763
0.758809
0.247903
0.631714
0.787780
0.208752
0.262317
0.636291
0.002386
0.737085
0.294047
0.344499
0.641598
0.805961
0.748011
0.555050
0.080118
0.705917
0.324879
0.349041
0.632671
0.798716
0.931858
0.443806
0.874538
0.693772
0.590838
0.063412
0.778477
0.525573
0.330186
0.585378
0.816047
0.631065
0.959695
0.716192
0.842090
0.184413
0.895659
0.148406
0.327512
0.286159
0.772856
0.550395
0.459390
0.467594
0.951874
0.751457
0.648331
0.207181
0.525039
0.463172
0.545387
0.760511
0.014017
0.821159
0.423283
0.606584
0.431038
0.749859
0.132122
0.837798
0.198380
0.697724
0.408195
0.650110
0.627824
0.409741
0.156608
0.376994
0.083867
0.686850
0.899871
0.57872702600771
0.63960826504228
0.68915563967026
0.65996939934417
0.69120413374132
0.78633383843826
0.74561054805038
0.29392799625156
0.51026933865115
0.67904779801236
0.16885252050191
0.21347519759846
0.55277444925741
0.69185153219520
0.94503317044625
0.98447286845073
0.34995507567350
0.02729067531159
0.70309691332646
0.99774321717031
0.94982980887752
0.10054968186078
0.70587781066997
0.54584639097166
0.63097382737274
0.79754500875727
0.63346445057816
0.45576045229815
0.08291754717446
0.77147499226177
0.70783204277544
0.54755455981837
0.41627080623438
0.06000462959153
0.59127736221172
0.28614076663483
0.09523612991561
0.23976490096962
0.51972705389818
0.49310761990590
0.70544921551895
0.79246334299701
0.08698281441285
0.53462365335892
0.62614924107497
0.69511922748824
0.51999274946842
0.76986152073819
0.37627974916005
0.96860296908990
0.96407900124404
0.85264254052003
0.38447666122292
0.14588028902542
0.82304116938263
0.66817389334312
0.55653547386238
0.06572857251342
0.75796262563541
0.95811869743735
0.30165548264877
0.13662439006478
0.33859860467378
0.65323757982787
0.67070104374408
0.29234884203203
0.64989132573669
0.79973325087359
0.64306616802467
0.23695985023257
0.14218655434438
0.10311851932187
0.09973359354232
0.81111095243303
0.07877745572902
0.75560229784612
0.32035326064509
0.54271218456187
0.87525201871625
0.70478228695783
0.30501787447234
0.79201587647001
0.16088275401213
0.78427938464329
0.35546646231470
0.23318718699527
0.33792129877488
0.02185497262856
0.86529088041045
0.97474083074739
0.19001017699512
0.71032319300219
0.83671330190797
0.42289370153530
0.64354867202761
0.97163044040309
0.08130936433333
0.70717174009388
0.19962352263661
0.99650510219045
0.05141423577815
0.95862220837834
0.80824489729501
0.89535590540748
0.12785007446798
0.10959888147636
0.25852978369929
0.86231747829558
0.44981454155620
0.02387896981428
0.47874742683981
0.52182488711139
0.19815425518774
0.23639488067296
0.97514378043681
0.73141579922791
0.91010422070964
0.39722938820629
0.09158847829843
0.06633032390813
0.81166049933315
0.80716991886919
0.17402198573231
0.98933792948868
0.73300373693573
0.76267220123587
0.61304743505464
0.35584498983110
0.63157911043844
0.25561192062955
0.85864861479594
0.19193905480824
0.56343026059153
0.81396684382578
0.11784330734473
0.42453077193893
0.98730690437333
0.35933933601888
0.20618030481857
0.89925618185677
0.25812135754304
0.17317790309989
0.39185745426451
0.35906716423741
0.72398818844147
0.48515561295292
0.61148597735814
0.13756924039483
0.40071879762388
0.85042972122989
0.30474580313456
0.13639024442558
0.37653592844945
0.36585714972637
0.37995199895844
0.98381594453786
0.54515316880698
0.89244531945546
0.59252554767640
0.22861214512570
0.30895158290386
0.43610615606170
0.09897384198914
0.87899867960702
0.87164466003429
0.92081696080544
0.64028600631617
0.87413363550144
0.78356925418909
0.62520544499795
0.50252235414704
0.35267719551957
0.15935602681275
0.40466632607065
0.26913778835739
0.85465761345125
0.91359045751559
0.07115176515934
0.60419919614288
0.29837487689990
0.58866232187980
0.19714071676866
0.94709731243982
0.20847175535337
0.06216227891176
0.36745794329362
0.21089397598549
0.00412432332176
0.39830329950584
0.92698683386990
0.49612509028362
0.69957325312098
0.08493266203149
0.70218049948218
0.67089898265797
0.40495903396562
0.02560713540830
0.39977929067641
0.92722439105617
0.07369912771778
0.38296538115291
0.57180888789433
0.09085498762590
0.26669054040097
0.26716097178335
0.95433102924118
0.81938595314950
0.67660048650670
0.24348370761987
0.63955339734398
0.21812349961553
0.16802074302222
0.19033442137901
0.06637808307326
0.61238728952883
0.84832672461885
0.72466452164169
0.75943081032991
0.40288152182081
0.85870930160378
0.35845082307547
0.19540957506043
0.87988247552761
0.05460998966687
0.43814601105733
0.30391782559603
0.69773601926933
0.53246960751309
0.63977820583038
0.92816903315120
0.89537190428725
0.76050893395201
0.36174107418226
0.71366940126156
0.77440869821488
0.31838543635164
0.74586572845682
0.54746381982354
0.66718342106422
0.92109859724489
0.37585445168771
0.88740750921349
0.04665605407635
0.60428537970756
0.12607298019740
0.98392302450681
0.11095187370387
0.61383945287541
0.67816042095278
0.54430188363520
0.65531569659775
0.55412400862747
0.89497450768689
0.41968806083365
0.77338582096814
0.19266770651408
0.15992619864679
0.79940307316739
0.70018306849570
0.03907156278345
0.57262712236924
0.83122326911150
0.72038618350672
0.03503314412538
0.06031594430466
0.95722680642355
0.37046969353609
0.62617745776160
0.10302374924185
0.46143558900623
0.08538653733711
0.71177421470723
0.98435439959771
0.95196793417853
0.12606893434201
0.50577329001614
0.61898865320312
0.70644426532299
0.25192395437102
0.01518579784338
0.49462008812595
0.83233698617315
0.67240400840934
0.31589323134496
0.57852967990937
0.71988478351389
0.75610152513500
0.93379968539543
0.29342972699412
0.81692602943861
0.59623954354940
0.02542024932715
0.87310362599951
0.95744287473668
0.21607305015721
0.43116220146262
0.32229426181953
0.18115695863707
0.41272349877165
0.28868737930962
0.67923083881466
0.75983847572258
0.13881850262422
0.75734265548867
0.74651919392746
0.72815148139930
0.59506402178590
0.03078200776727
0.98588480138724
0.60514765545803
0.64825078391465
0.77609087097397
0.65982492261588
0.81355686408307
0.14034825916430
0.52903203251270
0.75957122131485
0.88050247764618
0.92079690402944
0.83640962233274
0.80565203732745
0.12591547886832
0.72147091849891
0.77364159036706
0.47554284356672
0.45829239095771
0.45078675497092
0.72686549848240
0.04631211685926
0.51835310842316
0.97540230053203
0.19245880939690
0.53310738565772
0.09777934751641
0.63977403838612
0.27358184278134
0.26826709372644
0.73891357368193
0.17854209052775
0.77713558584537
0.55356999945036
0.08371766048608
0.90135310298080
0.93530083640941
0.60959605089032
0.38588098686963
0.75504308099048
0.69122538789436
0.81824935650866
0.00260500334004
0.89532690463126
0.12566174491845
0.43576929434879
0.82159575377363
0.74957574718014
0.67554578624458
0.43179094306958
0.57359672744172
0.40602339045833
0.97586442212773
0.91626407581120
0.49474612042082
0.34113138672805
0.57848236328009
0.73577304995269
0.49365176399495
0.37059468958936
0.70220773480340
0.38254840153144
0.37739490199863
0.42137853651429
0.31004992223201
0.98946539952398
0.54602106890265
0.41411084452476
0.74872200331283
0.06130920369726
0.47799840308820
0.71011151730951
0.74202379906960
0.48395065668459
0.83284504464475
0.00979017397261
0.86628636049553
0.87066581427800
0.11329312636083
0.87318563616090
0.58694368404998
0.11034809356021
0.78599372958078
0.56519975969143
0.89850643040061
0.49814628426455
0.37913046121212
0.79328044902880
0.39155169504797
0.86932417457119
0.40951651810132
0.57930364292327
0.22736472486939
0.63332717701910
0.61659537942882
0.81132944818748
0.88563519223492
0.03810429635829
0.65322662002683
0.61092010045675
0.96172329836651
0.29461144681230
0.96735325787644
0.42443829088060
0.29382587458752
0.86740999915673
0.55995045210799
0.29692056502944
0.66481353854400
0.76226445758234
0.15518079118971
0.95152086917150
0.16373687715460
0.31323152914635
0.84561429563710
0.72611805589512
0.42058058819984
0.21645285841141
0.82571393365204
0.44471181345121
0.70073917241458
0.67566983060072
0.55094695908106
0.51830515185838
0.67696328943363
0.33534530045741
0.32692741339707
0.43960568690701
0.72538076717360
0.71191600727471
0.40228541369243
0.25537736460940
0.55086304724633
0.19227133935383
0.32700924977744
0.23400693903722
0.50150802225296
0.86159914353185
0.68208390613566
0.85304094012854
0.36163163177110
0.02747159740485
0.02476099725258
0.40784415502731
0.30896397859881
0.43723813384159
0.86097527955126
0.19040858061591
0.62991754954355
0.40597028245868
0.87610978586730
0.01695488648838
0.79356267756460
0.47083874970652
0.61347703854432
0.68566034169507
0.69442421130864
0.55365308215130
0.64030126750035
0.13713035939842
0.05979300928748
0.61556904616336
0.59987423221360
0.56472677136001
0.24648169729288
0.57089746528911
0.20403538173565
0.29514210556975
0.05681143362751
0.18225580655517
0.51065163889187
0.04411964612121
0.28445223218054
0.02801315806450
0.22629379375630
0.88341584391547
0.79571113277195
0.22637037505492
0.93965537677790
0.52028827737293
0.69393084051914
0.04227016160473
0.73304506267842
0.77050078313178
0.03002381517796
0.46980996423891
0.04770708625613
0.45895281467201
0.77642417720459
0.69989314110809
0.41739228723726
0.00128043208545
0.96469940991764
835614087
1287290571
1564766039
304704185
1774165154
70727300
1320520476
1590403527
351322547
301736453
633801215
1953730905
1166424433
1077116052
1252126899
1278547983
80675490
22698981
1773437191
368531641
1387729442
576010412
573490890
1738345371
125179025
1109242584
304445817
1209410410
1892190454
1058524404
1623908133
529285618
1939507201
1110843849
416770838
1241982568
89521622
499865715
1862474926
571405775
1258773055
347158051
2078839531
1913993865
611767209
1300752222
1395253678
680010138
166582059
2010616074
1993925613
2116070362
371870295
1244911239
2037300598
206367479
851692855
1650287842
139418325
1550889197
659381844
738216933
1497690900
1441507288
1441054165
852273377
1582480776
1210167469
2134346057
1361257535
819933710
1906947033
306148144
550919470
727628327
2132834593
314817393
349433337
1554410658
408970032
777252135
1259555305
532660655
456496940
415964679
273309439
1386848673
305016848
706351210
1424266651
1974937742
496447902
876744978
1980155768
1626279545
1653014322
1655275566
1121591667
840032553
1828367448
591323025
797224514
414717538
2074575814
836905725
1348125540
1953040429
285688975
1946526550
1758551528
682059336
1571100808
934872562
689668957
807258583
1142264774
917327791
2062835488
837995389
572190818
1385268609
148635639
100576780
1049168955
2071753382
635843264
1935012889
898143408
1421890241
1095753641
1802001833
1957841769
793987359
266727562
1832969092
367666082
841265165
897486930
2028104229
1660451396
1456594993
661061275
727094865
892484700
274466554
1753757996
763564758
1441572689
1088431730
1468892641
182997154
980243147
525052506
2019719429
1284886589
155656878
1048740876
115060897
862575554
1658089133
108607816
811661852
140275319
244735413
30511366
92458912
1780071600
1007621128
817259503
1749225907
1477987543
323655870
1079787480
1525898793
1286028553
491521188
1806060009
1506979221
2039235216
165159676
208632912
1749954329
1861992450
1473562181
320464002
183746587
926397279
459756705
614504933
151382196
687391447
831885882
1167319930
211455669
2110289956
616759194
1362983493
870083917
2011047303
1411321372
182997154
980243147
525052506
2019719429
1284886589
155656878
1048740876
115060897
862575554
1658089133
108607816
811661852
140275319
244735413
30511366
92458912
1780071600
1007621128
817259503
1749225907
1477987543
323655870
1079787480
1525898793
1286028553
491521188
1806060009
1506979221
2039235216
165159676
208632912
1749954329
1861992450
1473562181
320464002
183746587
926397279
459756705
614504933
151382196
687391447
831885882
1167319930
211455669
2110289956
616759194
1362983493
870083917
2011047303
1411321372
1877508010
366385584
1934173720
1178994858
1386446991
1431633836
1694496562
982423889
773365212
405306722
1280891382
1952280882
828215770
757408465
1146028204
1723593626
1027250789
1421943571
15696760
1937951033
872456604
1423919865
2108743444
1434391778
1423601705
1121344724
2035365303
54265179
698388977
1094134192
60792674
600539484
412180606
1324269307
865670597
701180872
1911421216
724675296
1058662019
61415479
1796941581
1490686861
56318643
417547141
1335747007
1664701401
399601952
525499862
862519976
1613064011
