1344404273
1971277308
290254454
1083372102
895084232
729814190
624854114
899912958
257245571
740331159
307398963
1146378559
564320757
1024779462
1722493988
629853638
1467242619
1123333445
674786328
1945686069
1038818467
1377383964
1508592143
1591781294
751309967
1287962425
2024796058
80440979
1589263475
218971170
26882841
2060952703
2062276123
1949546003
452184916
693844543
286574064
2079184783
883182482
1285429140
1358476124
1681488844
423007346
594894998
236446631
1270172052
392193194
2057970022
1389147619
1613926128
1415911066
863754398
176193777
116183920
553831988
2129269519
920281116
816643758
211608358
667893922
1013642387
925903694
1354637784
1195408961
405550226
1160723497
694730397
453821204
949196364
945410040
1662945891
1382219580
2043159770
996618570
178120018
653579137
820727623
661270676
2141607972
957828023
15599396
934123276
405498384
1463894368
1596350686
1383971408
401806818
1899097687
1435392747
280044166
451535797
667891553
328081257
1404838802
1372423908
679494027
1862006328
2056473173
269394493
336138917
909032177
581660988
314791878
1175454363
1663824789
1975897213
782860028
947600045
2056631522
554900845
958491825
467464269
1084419666
324193819
328410499
925474559
1110871928
1813339558
1629371405
283333840
1729397961
699054089
1676777235
80120204
563439214
1123433668
1571384470
795397952
1163568631
1173697950
875025470
1270724394
2074362053
1991114956
1924898827
395467548
1317995558
835453867
45848263
490734899
1254527314
1166014910
925010564
1754993348
1030617174
515621579
239727235
312935503
247970997
2041231128
807800855
953023582
935038439
981096876
433096946
2121283663
581202621
1744378620
828052051
74082531
757117088
1470977045
1226866639
919321941
2004121677
883266750
1785905196
1773006200
1364307522
1538266683
18772703
789553563
30980478
1663359184
2146435145
662331959
1757759233
1033484021
455632505
290497330
274470917
422036712
1189625250
287261904
108395007
1351218821
66569817
1195242004
1556977983
179426526
1267893111
1760372829
1817116431
1075643649
886526580
919660953
1321658356
1722851223
1609870321
1978721730
387611524
571857310
512754693
594766505
1586894221
378514589
705833231
93189042
574533467
796035982
618717082
709622129
1016621500
769517324
380070887
884625363
836560510
717589286
1760589264
1752652145
2012213828
511359954
1668989206
1511804370
625680404
1239422926
1462724929
1363508673
306812441
3732111
1531256075
1081221917
1743679436
393721496
34533623
708088293
1318475436
102690723
1171438382
1467368976
1391083255
1102642459
1336047243
1621780307
1371606554
574540705
1124015787
927493373
308200721
1423045818
672893583
580263407
457222401
1029658533
1776369839
1835365956
1170624327
284752306
2017154155
610578098
1141504663
1262509647
203926253
1116964753
208874102
1179208379
1603588990
277718350
1943719683
1024149981
1798173807
1642621551
1011879675
2103040509
1085044987
716654720
1508350038
494027439
480853088
1944413426
1147135970
1157923848
606027416
99936483
855056188
1003971078
1984960014
772703801
848514041
1229059881
1528038590
638511859
557013705
1832400779
1475322199
1086818332
743119971
382299528
968193075
159961919
1542723225
25698362
1988262367
2018002873
1936123554
195327859
657935247
243670217
1638126310
1745855456
1714186832
2044971910
1825844872
681215965
744580311
1431909696
617135926
45883337
404305660
1418128758
1696570016
956993983
1708546581
15474574
889607394
1443832571
906917449
2006716320
1406930240
629365879
1414409921
733909111
1657513754
966853919
103339508
514184032
1969441535
1997515329
585668431
625417594
1862889323
1870417561
30924413
1121835174
1000765102
355482564
134853724
1233312675
610694819
92486554
916554444
1828453247
201525650
1131865759
354840432
2145379507
250659414
801197096
2018786822
78703238
378982443
1801681229
1727827390
1039879051
615759336
1759083332
1202452667
1908062337
1197994628
1828948812
95424944
1640450411
828149985
697423169
1508613549
1382079153
1784539927
1475773024
1029085082
1791303007
1162136830
583260098
61759169
1784938377
305061817
1653715166
352382817
857098300
1625462612
1481157488
2042510187
1524384019
1504355392
2065236858
1840819437
654648808
153274497
1150747834
1153036354
450218012
1681901621
1858459529
1294988750
1044913750
1126516198
778637056
395295075
1569926001
1656974970
1771840527
1093679503
299630624
1724524913
59638046
663677881
2025638847
1613241068
558081481
669446626
1469995534
12318760
1703817809
1726527454
1574550754
2096330888
88695219
1136618393
159529883
459463337
1878572988
1746359419
1922251707
836786879
234170641
1388749363
67486428
606008713
379090882
1014454838
1870606359
493659301
255397772
1779960663
1648318975
1056415637
1053562861
946641171
1638701732
1484378635
166919624
73933550
127478512
67049277
2141739038
1383757011
1277505226
217627134
1729686702
215836453
507829502
1297262388
1065023423
1166162663
2118370625
1600373301
582356622
518727986
1057479645
1139371156
760451006
1298553848
493656176
755063548
1221540431
2066178339
2107003517
973995769
1008442424
664996150
1643034021
1997144721
888214295
1455347431
1747211104
953974185
1854727271
51950094
1969226547
385350350
1353384322
1556125725
1351329627
575727567
1810222152
616117321
1817150626
2099005577
1513033110
1194491985
34369753
0.556365
0.464570
0.988374
0.578140
0.951955
0.577156
0.849277
0.242430
0.334194
0.057300
0.446225
0.873265
0.942439
0.953111
0.411449
0.113237
0.187278
0.294615
0.818375
0.780273
0.951770
0.013072
0.323974
0.512235
0.362725
0.363430
0.275777
0.123226
0.652680
0.994410
0.086023
0.777441
0.479927
0.669029
0.682351
0.394146
0.886341
0.029105
0.737987
0.879878
0.280079
0.913448
0.227181
0.894477
0.486361
0.420041
0.065549
0.557863
0.062585
0.260766
0.809889
0.726972
0.726049
0.190116
0.906481
0.514734
0.036951
0.933179
0.751360
0.438607
0.578829
0.582993
0.547446
0.953132
0.197733
0.810112
0.685195
0.663330
0.581476
0.852351
0.750613
0.850654
0.766051
0.092521
0.443414
0.175103
0.702127
0.296415
0.129511
0.401560
0.335992
0.658406
0.028530
0.382178
0.243521
0.269750
0.220765
0.144021
0.503041
0.461049
0.589106
0.528974
0.543907
0.401842
0.848025
0.546879
0.153792
0.871680
0.783100
0.319127
0.881548
0.054978
0.240050
0.668867
0.773522
0.615138
0.460975
0.112203
0.255110
0.843256
0.495164
0.820179
0.658619
0.311778
0.569426
0.998841
0.659705
0.987240
0.670992
0.938948
0.145920
0.240706
0.321197
0.603820
0.845679
0.352306
0.189999
0.881878
0.406841
0.915780
0.600408
0.977865
0.949506
0.677976
0.999998
0.275047
0.287840
0.949228
0.070744
0.802020
0.391978
0.907116
0.677658
0.574524
0.706702
0.752933
0.260338
0.999984
0.553907
0.308594
0.292198
0.149311
0.962380
0.463041
0.405696
0.337848
0.414911
0.022559
0.176959
0.469133
0.110039
0.154065
0.699369
0.870109
0.314921
0.541116
0.718871
0.287507
0.980954
0.559291
0.105017
0.871972
0.709174
0.371855
0.609523
0.497115
0.474982
0.186873
0.390046
0.673785
0.251868
0.320715
0.410845
0.830038
0.579706
0.165204
0.861112
0.298581
0.975676
0.549081
0.025104
0.950148
0.981877
0.074374
0.771066
0.835633
0.224579
0.528940
0.795009
0.390040
0.455583
0.944649
0.676607
0.924170
0.722930
0.003352
0.917310
0.199162
0.506158
0.131757
0.605962
0.774411
0.394792
0.738743
0.535345
0.700964
0.881903
0.201232
0.942461
0.399838
0.186060
0.230631
0.853556
0.427495
0.055923
0.985979
0.761894
0.672840
0.624820
0.570923
0.864983
0.487831
0.471306
0.983926
0.965564
0.608061
0.423419
0.744052
0.829526
0.085885
0.716205
0.617752
0.076796
0.093574
0.476120
0.672465
0.395681
0.329645
0.935817
0.080442
0.961491
0.840832
0.246548
0.697949
0.720137
0.246161
0.101111
0.010964
0.757919
0.140282
0.349373
0.369731
0.144995
0.948966
0.180601
0.147219
0.242224
0.615737
0.126176
0.622113
0.698421
0.869097
0.256896
0.503387
0.364886
0.185977
0.081276
0.700407
0.828774
0.725358
0.888289
0.175982
0.763644
0.147136
0.063501
0.315750
0.420633
0.823039
0.210119
0.003502
0.162781
0.247427
0.340346
0.857208
0.730889
0.254988
0.546633
0.390497
0.791511
0.485924
0.283397
0.607676
0.497457
0.485160
0.346415
0.571326
0.988003
0.896707
0.909368
0.032770
0.898584
0.240087
0.855993
0.808528
0.548880
0.904694
0.609347
0.941593
0.585342
0.468322
0.028794
0.890791
0.620120
0.285701
0.985859
0.533735
0.291378
0.329344
0.019415
0.110826
0.656740
0.445437
0.555885
0.286938
0.230966
0.096156
0.979198
0.641853
0.311523
0.637631
0.244436
0.140502
0.248634
0.413755
0.275295
0.715571
0.306643
0.928175
0.879426
0.476133
0.064039
0.265420
0.623167
0.790017
0.486200
0.255699
0.367829
0.072442
0.752906
0.146597
0.211205
0.382453
0.106569
0.766809
0.994993
0.488874
0.673493
0.093841
0.081955
0.484671
0.939592
0.234405
0.839118
0.371347
0.936747
0.878662
0.762438
0.497614
0.241631
0.346110
0.667393
0.238548
0.964985
0.548044
0.706433
0.156751
0.450895
0.747294
0.505023
0.147009
0.763300
0.526743
0.966622
0.775326
0.075134
0.850813
0.546348
0.716117
0.606450
0.764861
0.565164
0.232192
0.887247
0.738029
0.753110
0.013010
0.222637
0.300216
0.481673
0.023479
0.280923
0.381830
0.508857
0.722632
0.008241
0.216166
0.949090
0.440561
0.690099
0.876038
0.699696
0.368696
0.960746
0.771743
0.966088
0.843554
0.915028
0.168329
0.933063
0.948936
0.685973
0.721296
0.768305
0.286345
0.346782
0.783534
0.679570
0.975080
0.999663
0.455780
0.081140
0.835590
0.588488
0.927249
0.470078
0.490836
0.897980
0.281317
0.012735
0.092694
0.594129
0.425354
0.373070
0.292350
0.961893
0.676502
0.948787
0.588270
0.339951
0.271071
0.257900
0.895763
0.839618
0.695309
0.971764
0.385455
0.049776
0.092051
0.265841
0.632942
0.580560
0.651059
0.897529
0.642173
0.360060
0.277537
0.414824
0.698736
0.645108
0.023722
0.163647
0.805548
0.507287
0.388646
0.829317
0.459725
0.335222
0.808159
0.038340
0.849234
0.530963
0.011742
0.727507
0.422920
0.214055
0.718802
0.087040
0.254013
0.880395
0.127240
0.85946695012587
0.80056548692219
0.39640787665780
0.30348170192968
0.97470308936659
0.15183935089797
0.80678229168707
0.41596220466227
0.46882840344583
0.86467446685724
0.88383852316380
0.13910334436739
0.51046210289985
0.87410538081039
0.43094011194741
0.63968490852616
0.33074547539987
0.68302758839059
0.28935077937821
0.63981321390559
0.96026837233886
0.23811802199661
0.11015051038739
0.10228639123466
0.42445707407712
0.91892284528194
0.34949370893663
0.44087992840965
0.07803874208123
0.88262629989268
0.60435421591064
0.09281185965636
0.71896288616325
0.92521185176017
0.07977189520257
0.35379194231503
0.30686128098497
0.13939489354464
0.91354304826045
0.00239357327978
0.89315284029164
0.20755006448190
0.80886747166137
0.01223880374289
0.27529479061168
0.94885097548783
0.88115642112811
0.93601717172543
0.97920099319651
0.40692646552672
0.28335740759159
0.15193030046281
0.52964895791582
0.99236862384579
0.39072970134332
0.80892471991117
0.66648069833687
0.91860444149815
0.93444964756581
0.07700984911627
0.19336476684994
0.17254322252082
0.33287036817726
0.97530524855316
0.02218692404079
0.23647534577431
0.82912597594910
0.73396996587774
0.95067069730043
0.59470032664439
0.18775462415836
0.98948597084984
0.98837499763500
0.90422865807413
0.63285132384081
0.52649098010234
0.77084279037276
0.34835483881441
0.74425879181949
0.31627147315073
0.39750202262375
0.33600293010495
0.27267557469964
0.45294888366820
0.37136739215805
0.38240828232189
0.72709027138574
0.82911364323873
0.81013993419170
0.31047173417153
0.11150243546357
0.01872270340904
0.65122285389416
0.96533210099204
0.07707090000422
0.16315897867070
0.18968465844986
0.04513422410788
0.54245412541945
0.99834484551506
0.19695437442412
0.97634304967117
0.49752501217347
0.46339180836231
0.92345651920539
0.36119290353744
0.62031737954453
0.39639455474976
0.51532146673407
0.67559715285917
0.06697862119140
0.32714987412626
0.00859764979173
0.46307743364810
0.45561644242125
0.92600053170868
0.87481932968075
0.39712263331300
0.66137359332269
0.27162687728351
0.93750666321480
0.66078939867512
0.80970984784050
0.24849411903893
0.46339573449724
0.72413333835416
0.89448935763164
0.62521852945918
0.28313638059790
0.12269538994015
0.80739956549571
0.66250024791868
0.09593994446749
0.77215721048367
0.77220170160662
0.28316501029737
0.90161074733187
0.70147580958018
0.30908784046016
0.51723922330905
0.28775894734101
0.97178344688766
0.62575423884819
0.51542045411449
0.74676570938357
0.23819615512637
0.70002304649226
0.15057761347154
0.60006375258574
0.63112755508236
0.55170698141761
0.35850302853081
0.37264263691868
0.21435461387003
0.02493232321893
0.55130545599559
0.43074249503634
0.83507103750842
0.73099197195015
0.79720389216208
0.03468113499158
0.94950186840938
0.63193396197243
0.08450410350550
0.18749560326950
0.11407333649404
0.70942111560032
0.41480670603759
0.08237400640921
0.54266862789824
0.18836253198059
0.45539663771361
0.36134790270536
0.10665120831904
0.61781824432736
0.29373945174788
0.61880511508321
0.80597079738558
0.04193730103877
0.45777591709970
0.78525237493057
0.90739536187589
0.22809322953320
0.83230042596123
0.85618984265886
0.68122838123657
0.83103891413751
0.90767180519304
0.14890630237246
0.88719391199446
0.98611578951938
0.46214011945379
0.75160953343117
0.13398905613895
0.16346613525851
0.43303339109780
0.34892176138497
0.50702282492501
0.97631422050038
0.93911765305029
0.42636173516627
0.65485309931944
0.22952002002581
0.71331893721531
0.78268716214510
0.86641236755804
0.56481786578417
0.28671003623434
0.95615602185464
0.75723798426711
0.25874970573985
0.55237167659562
0.96591099186892
0.35145791890784
0.52075056348867
0.81978471983402
0.94264769768073
0.22671495147598
0.71736867806491
0.49601322222352
0.26486393147445
0.51351841999509
0.01454799240635
0.04353412037532
0.02860247127062
0.02841255233654
0.49618141751992
0.14770945990786
0.85147523337192
0.14751009683938
0.16193010351461
0.59463235725218
0.17244194835469
0.85241662900740
0.39121635935361
0.43060632824598
0.15210475353851
0.32025952301746
0.11885676522209
0.90883511166407
0.41349462471682
0.02710297992735
0.50462328235337
0.97311077202069
0.14548304106656
0.09000237643191
0.32637376266085
0.73140002168361
0.25421256360450
0.66124968707229
0.84082228972246
0.58059365452682
0.17838947416790
0.09666475154608
0.11424099049151
0.99754656359987
0.07215969777675
0.04678411506190
0.41273479283618
0.56392632739435
0.94351912744514
0.35461403274363
0.68804698080462
0.68693652178112
0.11815054430796
0.80969919454586
0.04977707560794
0.45585533049243
0.76244201016829
0.26588020696119
0.28692575805366
0.07156898425345
0.50877163076699
0.78787604366826
0.06086863628077
0.83916967653645
0.58712064686126
0.26287989406865
0.08490745519403
0.01403989849807
0.00632466724933
0.81911777066838
0.44176692587976
0.19611076015327
0.04855708030016
0.69417526104711
0.93381073060807
0.75439764792612
0.45663934505440
0.05407957211177
0.18312074968758
0.09883943964941
0.98846923813337
0.70291464913607
0.88909192620075
0.21367536361993
0.43679440437918
0.29871227072608
0.67479945674044
0.40980925564576
0.70996175216629
0.95366018725589
0.48075945067130
0.83985108486118
0.78391528783113
0.59850713147345
0.07145924344622
0.82743318743691
0.07718654192813
0.00475494506683
0.21062738131877
0.24820841598252
0.04925861833583
0.15961829993920
0.46244800765542
0.32622426254585
0.58902624970504
0.76111683911418
0.62602055927647
0.24915654979955
0.21453147343906
0.13917292166892
0.78261868199577
0.90407578319224
0.64269810726328
0.34421569150925
0.38834540609775
0.85295927187742
0.97604630413758
0.92275339501656
0.60656874670885
0.78052304178928
0.11232254294913
0.23615491325053
0.37017074416552
0.54904650610977
0.23025353849609
0.83418059937786
0.96942830554942
0.46636752315076
0.17791276035923
0.91874920068474
0.88275662029807
0.15431314794949
0.27788715937211
0.94024072930113
0.67330725751651
0.71305095881507
0.10143158260350
0.47075359401464
0.38411039546125
0.71569386549073
0.08010477860399
0.95856060891146
0.22704756719775
0.31337251414570
0.73880289599004
0.64281842501174
0.02494690599583
0.45172745134082
0.61737429986686
0.39330579719335
0.90153911085042
0.52463465376154
0.81335401544551
0.44615395795954
0.47198312760876
0.27526717095613
0.12852570790385
0.58667025718580
0.70467450308716
0.84240069042223
0.48956113506305
0.37194763477258
0.66297414145676
0.51378403401043
0.30911982324676
0.60266344770939
0.33357813711707
0.08044358770383
0.52354552871638
0.14783240365495
0.87910231141956
0.44706123715282
0.11499352245197
0.88960222028327
0.52944266387240
0.22718574716011
0.76495937757460
0.05351501111166
0.43996714557439
0.13835074220107
0.42355586507782
0.26704607994602
0.67179288052483
0.06845778996343
0.43994161176626
0.27130393775691
0.57455745750582
0.30940025188281
0.61545544056404
0.56102198900356
0.18319454815460
0.86886330510216
0.34092270950420
0.02118216653959
0.15792182966227
0.40078241915828
0.10640342617356
0.05332129757032
0.56017947847911
0.32214601452229
0.21311799031540
0.81690205774055
0.24296072470632
0.43711577893629
0.43157526807752
0.17399287996012
0.13844320634899
0.01547680655846
0.39881774502858
0.40771913173368
0.27326264828934
0.19060341611863
0.90704563761546
0.18613584195212
0.22757469625008
0.84736639858476
0.17336967002616
0.89232890977906
0.82720750173978
0.15351595803650
0.67301807185670
0.31529863726934
0.64544221588972
0.15977581883501
0.31881798743326
0.32548143473083
0.57093210852830
0.50715277844260
0.02849441721621
0.91495976294511
0.71856031716435
0.67198776080900
0.81056231844221
0.87440573539069
0.71962515097232
0.50307642557387
0.76265845836830
0.74918889615765
0.49018047724802
0.43587403133788
0.79601624747205
0.57226606366110
0.23858735332484
0.03031094086757
0.15539026983738
0.70912999286214
0.96987113750414
0.37023441976761
0.19344196090348
0.92144700477822
0.75335399065430
0.24614770608711
0.16678737707181
0.67387963017395
0.86867710107548
0.58706933692789
0.60312554329572
0.74118742840657
0.61037453618362
0.42327348411580
0.72752437308678
0.97758070581347
0.54745935819843
0.37808773617863
0.59185225382694
0.81967621520487
0.94566229236244
0.11244417310728
0.47349383068317
0.83777050899133
0.51336444911024
0.98975442884257
0.27760064812326
0.43215096619470
0.01465744004170
0.53535622021238
0.02089496744830
0.54073044259555
0.68988816248347
0.00477464521735
0.77723224926727
0.95596283833187
0.62202522856195
0.24710812225554
0.22469906377002
0.15572557557707
0.16096609432528
0.21580851895023
1428368087
1665524327
1270317232
1824115955
512254602
86349257
726836169
648218954
1771285379
1867253637
1683712352
1400185219
1356940758
1601759171
1230636265
1723299111
172261367
222986213
969005022
1011396380
613710413
1507530575
461592300
1799438731
1263949021
1737379567
494813349
971176659
1805179369
221345750
1213262015
1245539906
823537597
1763950955
465969841
1499397093
212889760
1932650612
1665101351
1718191066
808552057
139497366
1584233128
1792285903
808611697
1696608109
591966004
1245736921
73591053
288262780
1883502475
914479277
1494647081
427607079
348451535
1093170849
976601775
125583541
1166593425
1908382582
1556307350
1150847972
1648718153
92193637
670730606
1259013175
430814400
1483442407
805308247
1214921890
912203341
1669106275
1928506533
2139676987
2032324070
1939910549
1755561975
615917460
1665791258
551708917
773804186
295972610
768536204
840207220
2124308057
2105110470
811894388
1207833177
721678025
1090543742
1727120188
1107646163
1186884834
1825003313
2134870661
183116896
956515367
45148199
1236293287
1934801264
1890181208
66493912
946242452
623571602
2114909637
1026151105
1175233941
1808259128
290876938
1920460040
398050799
558695992
1370603791
69915127
433963956
1763268462
1082755345
1154379662
1382592565
1865474156
1993554219
2065273719
1915537838
2065403559
813521382
880532525
922251345
1670472148
2063148946
467652340
1838888164
180543021
1661153355
2109542934
2116375730
114052042
1356969801
300084364
2063237281
781410148
2111805687
1646975985
1917610835
1775597477
1844495938
1732012163
378420045
632659781
665549512
1434901869
1344404273
1971277308
290254454
1083372102
895084232
729814190
624854114
899912958
257245571
740331159
307398963
1146378559
564320757
1024779462
1722493988
629853638
1467242619
1123333445
674786328
1945686069
1038818467
1377383964
1508592143
1591781294
751309967
1287962425
2024796058
80440979
1589263475
218971170
26882841
2060952703
2062276123
1949546003
452184916
693844543
286574064
2079184783
883182482
1285429140
1358476124
1681488844
423007346
594894998
236446631
1270172052
392193194
2057970022
1389147619
1613926128
1344404273
1971277308
290254454
1083372102
895084232
729814190
624854114
899912958
257245571
740331159
307398963
1146378559
564320757
1024779462
1722493988
629853638
1467242619
1123333445
674786328
1945686069
1038818467
1377383964
1508592143
1591781294
751309967
1287962425
2024796058
80440979
1589263475
218971170
26882841
2060952703
2062276123
1949546003
452184916
693844543
286574064
2079184783
883182482
1285429140
1358476124
1681488844
423007346
594894998
236446631
1270172052
392193194
2057970022
1389147619
1613926128
1070502497
185458557
394571982
625063792
1202551232
1106745477
1922274594
1933100968
1849320089
2115080830
1867777732
2130631723
596072318
1653803768
727441528
1679567064
199180016
1759301942
1362247603
843443807
2078602027
1855953608
248916061
853446759
55795458
653874832
60710992
1588551358
1066619885
2096944326
1459833265
2067889981
1180737744
14153581
1877497599
1864031763
288585453
1490975114
137051711
1973393940
1973776514
238811539
307692916
1759733375
1381965177
1608191452
865161446
1908119138
1935244809
1454271467
