1082915148
1199233690
1820589
1785469446
1634340924
480238811
1196502070
1382254662
196410471
1026618316
1720651202
1408251811
1441289847
1389668416
449443163
1504881093
1494675635
486370894
1385888008
1593217175
124661380
1526201895
848924191
2004280383
1058558138
417420662
250669417
677053801
1969423926
10648102
2094647591
526910115
1201654150
922289955
1079716037
178362827
115267902
1657564313
271409790
1402783932
1108329258
2091298422
1896209337
1133093496
608107545
593856362
629579113
1526251347
1111155562
841703376
58511471
4920091
1267083368
1504572630
473211957
1164337523
2122077619
9943750
829975784
20529118
937050748
218796243
1743373140
786293299
327041861
1270020614
1187738722
793821325
2060527126
1317974913
1074814491
122614888
508339938
2126426459
842358804
865240170
1908934382
1157089863
813650806
234483167
1414062741
1597549919
1778499375
165819196
933340266
681775915
1413208197
639160951
2115095984
1733872182
277394530
481475234
1983416492
531535858
94678105
2066018822
960695378
1277923970
1051814172
452714453
15042504
1996092391
1658280332
71310038
585584617
602712293
1020720263
1289487756
1474553381
2106438679
1902579254
968037622
1157788792
55031502
2030200509
240437508
228490906
969284932
1169324779
1446572751
728612287
151857310
1507778490
935624766
734721362
1194860398
1543890419
140383648
1444281557
2058960911
614018438
881114235
1470925415
1548789527
1385366568
885386763
1190362585
1119709186
679841602
56737667
247522177
101442423
480937025
1953567667
988645479
1310980899
1343566472
616470030
819936764
721927168
146386523
1867101336
2071461643
1593379669
860102917
1097276065
1769005418
1549048981
1268997475
1619394697
1125370564
884053840
2015221480
2065526019
888745304
166903379
188167058
1736367055
1623463168
1485050365
976162994
420526107
1542913900
721166733
881398264
1714523617
1889513419
1344160269
1255016395
627987561
21591261
519043414
685541256
1060541062
868170468
485270694
1184716625
986110697
532592353
102633571
1654583512
738826165
1278644877
946225194
1623543880
304331045
1851699228
1775881931
940197627
746126970
1759367059
328787674
1781017777
978865887
1192077844
737500000
2128880159
290329567
82681427
593729904
268298730
197038387
586865942
895807934
1239101459
1764017066
958055325
1337339538
425030454
1221817411
151083160
626789827
117906390
877557298
1275869094
1185039087
1103197870
2041549242
1458944131
1692988757
1547876195
678479328
1908068798
952789768
2006916588
2089943787
1719284627
2112755131
1588822892
440206677
380051274
1572148369
86985674
926485915
1371229902
1576387163
1757211363
1474334283
42103110
584921816
1458740353
887677761
2050826394
1297339035
115750084
2094636830
2006190686
106452916
318861409
1594733971
924984322
411693427
1329768461
1206309272
1716488864
471467079
1651979349
1449841852
331734861
1290482465
1170542781
333234374
762004337
1246768193
189578868
169357010
1108656811
1088460846
1883043441
1211019540
745457656
165340631
622233637
1449293017
387288879
1362722696
1184815041
1055317754
1793316746
1244417125
601717933
378622289
734762163
2029627568
748097588
341248706
1413865659
662254447
1351102380
929143950
1230533167
396428647
36742287
40344178
1884294169
1106814751
1215901008
2003540268
1709328838
1501017479
1608768013
758955583
261071626
552163574
1634701815
1606947279
385855901
1208065625
1626472290
95894232
705001674
952061060
1129903048
1582273265
639064650
1267106570
1760257316
1809683941
1118291201
695783365
1802442646
1443477646
756170901
1901893812
830384608
837690960
996852867
1512624106
868215664
983500660
461762284
1365332318
877883261
1214788565
557694252
1992978984
1103518964
1351456169
386595182
810980970
683831232
1994220412
397178948
494978713
1413596588
1178699687
812139654
406840253
1309610403
40151582
1753951914
236161097
1662584346
2047905846
666271096
1894404850
1822181353
942406980
834989517
1475295835
398627529
330096131
564247207
2024788629
657142256
1094842623
1630474369
1730003838
551182878
159256206
1426752795
1784240003
1090949850
1433244670
1518617691
132761082
2074940010
2007319433
445595023
961141277
1660013175
835652268
2005625245
1346854011
1616908730
1114396747
1357585748
650346531
1104395683
1423131831
1325935734
1074447958
220160956
595759073
194940716
991995627
582242260
2117906732
238275028
2046826480
931962587
1802263611
383638402
990973716
1656631870
264137560
1862034548
1937004353
796337072
1403297605
260824582
2105812360
1864781054
645907547
1485629558
663707181
52211510
879582911
645893598
1460171647
537007786
1068021317
1575693224
1050663592
1719268982
1257384781
2108881320
770206655
296413422
398655254
1793156379
1387275167
716507647
754246205
1528963411
1290042324
924380666
370662528
1099132851
1712844525
1746402752
2082925859
1554766039
1155091510
1875611912
1950041091
798675665
1992865574
338726457
1300509330
161915346
486327788
381817220
2092678803
1933381465
1928610457
1899033651
208267523
713363055
912680757
454133075
1255987799
2072000947
1532462713
1466254670
1860084984
1539598774
610816887
1092045173
1709809461
269773215
1843009528
1445151406
1804470262
1072612833
1755008280
49324038
868688056
456404746
1080974593
624919661
1564753752
134863444
1931544032
509117018
1174555507
884100906
1094135398
1637558493
477542827
0.084565
0.196052
0.372614
0.844266
0.219029
0.965468
0.346879
0.703500
0.837802
0.531987
0.500011
0.579585
0.350214
0.597210
0.695174
0.527890
0.052670
0.402515
0.007963
0.767096
0.796223
0.663469
0.102739
0.783556
0.919928
0.090126
0.959878
0.631730
0.404889
0.947372
0.656219
0.741640
0.234966
0.102094
0.629456
0.471907
0.909405
0.384857
0.177491
0.983512
0.474653
0.069731
0.852441
0.837793
0.300331
0.153610
0.023311
0.971997
0.991339
0.313292
0.491559
0.487710
0.538644
0.403264
0.988946
0.763108
0.671488
0.061971
0.392591
0.328099
0.589068
0.262114
0.315888
0.553250
0.707616
0.313421
0.190673
0.849147
0.957321
0.716096
0.068405
0.621905
0.954594
0.602671
0.247255
0.733912
0.231511
0.430815
0.906601
0.019603
0.989859
0.929196
0.194851
0.905422
0.350407
0.204284
0.717792
0.136776
0.328207
0.899848
0.455456
0.610385
0.215376
0.868683
0.404006
0.816630
0.879963
0.036760
0.512958
0.355734
0.496193
0.497096
0.976508
0.974541
0.488178
0.715524
0.121608
0.688977
0.207084
0.922361
0.561481
0.604135
0.090783
0.169902
0.740975
0.210638
0.445019
0.915509
0.930839
0.137698
0.856775
0.673924
0.375034
0.143467
0.690523
0.561809
0.537469
0.682556
0.691834
0.688910
0.834252
0.376408
0.505322
0.482286
0.928769
0.792951
0.631153
0.768919
0.835681
0.294784
0.450925
0.464832
0.111385
0.557877
0.326453
0.971990
0.110699
0.857823
0.949940
0.189534
0.022926
0.399146
0.235207
0.593987
0.154091
0.938512
0.062748
0.625616
0.207599
0.125168
0.301926
0.998894
0.993391
0.492688
0.639379
0.949845
0.841346
0.223193
0.092892
0.706118
0.820080
0.114666
0.471873
0.530835
0.281049
0.141862
0.617196
0.097265
0.539146
0.468042
0.621454
0.974997
0.480946
0.369896
0.569148
0.023842
0.354458
0.281947
0.737402
0.324209
0.732038
0.504288
0.758835
0.115402
0.071611
0.857553
0.931595
0.568053
0.936581
0.593471
0.681737
0.512265
0.343489
0.744079
0.897526
0.907772
0.970117
0.943200
0.689388
0.434617
0.481979
0.397025
0.458546
0.001989
0.181251
0.099461
0.159960
0.952582
0.435851
0.174288
0.174681
0.503422
0.124210
0.612005
0.289001
0.571668
0.279214
0.863935
0.217330
0.601641
0.931600
0.154285
0.481873
0.572226
0.406519
0.473143
0.339343
0.586059
0.232514
0.486867
0.544539
0.797295
0.737432
0.959599
0.862588
0.618668
0.738571
0.496201
0.222487
0.503106
0.520251
0.510457
0.021343
0.572528
0.240901
0.066475
0.909150
0.675095
0.346260
0.871986
0.008729
0.119651
0.102065
0.389080
0.988595
0.454460
0.788731
0.024235
0.431859
0.009863
0.355284
0.903744
0.484711
0.772883
0.622879
0.522689
0.680006
0.644400
0.474074
0.155181
0.164737
0.943659
0.349254
0.444874
0.593439
0.017314
0.192612
0.095483
0.669686
0.789194
0.184254
0.277014
0.753862
0.438809
0.372599
0.141073
0.325706
0.140104
0.100488
0.942691
0.461208
0.722981
0.969588
0.033370
0.039492
0.485162
0.554375
0.421127
0.704028
0.791177
0.868085
0.261100
0.613213
0.431087
0.922165
0.821503
0.646905
0.179885
0.080717
0.440958
0.538746
0.603590
0.098122
0.473518
0.724045
0.374444
0.398719
0.235766
0.614035
0.101978
0.437155
0.203825
0.059458
0.365296
0.042470
0.780635
0.248331
0.970834
0.767443
0.616197
0.124482
0.263678
0.400085
0.549784
0.379360
0.098996
0.978036
0.180608
0.272404
0.534683
0.030527
0.522510
0.843832
0.585454
0.838458
0.266721
0.632686
0.108064
0.903690
0.428576
0.176022
0.401554
0.506036
0.012785
0.192799
0.009796
0.607051
0.866970
0.448362
0.206223
0.485726
0.350016
0.751822
0.424784
0.136400
0.530875
0.980608
0.803159
0.491626
0.345262
0.456708
0.849038
0.386937
0.983218
0.818203
0.285865
0.140099
0.031097
0.121795
0.578043
0.926807
0.833291
0.904335
0.071467
0.604735
0.565137
0.784132
0.286838
0.484961
0.899259
0.304782
0.769361
0.050450
0.653514
0.074094
0.181957
0.666000
0.386351
0.121320
0.938299
0.546166
0.076896
0.472274
0.801747
0.632040
0.308400
0.133359
0.335882
0.382081
0.218652
0.549612
0.467773
0.147797
0.340578
0.265013
0.899305
0.146935
0.934812
0.628256
0.700113
0.752177
0.080956
0.393630
0.819703
0.157283
0.016607
0.921891
0.656490
0.714376
0.764266
0.315480
0.108908
0.177422
0.105456
0.601671
0.437089
0.594225
0.114896
0.395778
0.053674
0.279059
0.154631
0.348870
0.066666
0.664357
0.680916
0.827707
0.662216
0.812005
0.869373
0.125513
0.023379
0.476628
0.133960
0.324961
0.162850
0.302400
0.869071
0.484339
0.540658
0.497067
0.583616
0.166497
0.269491
0.845481
0.643167
0.817085
0.825211
0.969944
0.354128
0.620570
0.955046
0.965755
0.383467
0.074659
0.881938
0.604888
0.793314
0.641216
0.157804
0.922639
0.311463
0.383475
0.087235
0.768826
0.128712
0.229284
0.098007
0.602682
0.863902
0.27317102298410
0.72558664793123
0.60129646513886
0.08065075620188
0.58338861836683
0.06074965717798
0.15513102913894
0.64048078966323
0.79992648928916
0.72067078817554
0.93926165260614
0.20094239837379
0.74209313823605
0.11018857642846
0.55701095765544
0.95986252983318
0.27131784017567
0.68925978793567
0.81883947161535
0.86345474049827
0.93937518678452
0.95014163558368
0.73682150894823
0.29613538582785
0.96673880222685
0.79795699070037
0.66521577292453
0.26349461145245
0.16018121187961
0.66075073880821
0.86331792975706
0.51381401843926
0.12463123103283
0.80473413437126
0.43961455783915
0.24579409150244
0.49722838734525
0.55962362468499
0.65700178580975
0.86822098997985
0.42457047628970
0.88307505325149
0.96694369461309
0.98165143585061
0.09704643121898
0.53473755697856
0.43761567594384
0.26982107357454
0.28483534708209
0.29583478126231
0.81703293044304
0.29587728058781
0.78334465179263
0.33627935467734
0.77189976550041
0.22874037252867
0.71016804885287
0.04487569334020
0.64611799315960
0.83760080650360
0.66425183872496
0.41590136963902
0.82542084946122
0.96997548889355
0.58571997357783
0.93271906868244
0.67535354795737
0.51717618842295
0.55834766301398
0.66214085650897
0.71839559810532
0.27918921741599
0.68896290883976
0.51606648764358
0.22880596103434
0.78812318189401
0.67321309266530
0.82899856944231
0.12385453033195
0.30792807387206
0.13275613628357
0.29751064339843
0.29521539670095
0.26369327290946
0.21063487534261
0.46118109379888
0.32625563983687
0.60149954128607
0.43223588074313
0.97262364636138
0.34347354045632
0.13201557885003
0.80728710763711
0.29505548669748
0.60652657995083
0.42341045518008
0.09462719669212
0.12568051703375
0.58051018789434
0.34869067196772
0.70709814250220
0.06510239506263
0.88330149531547
0.28817159502017
0.33600731093415
0.67945872224123
0.55733806801693
0.56236263282570
0.75075920132283
0.16472227097001
0.55003237328651
0.28322828513921
0.41457709460854
0.68015162936350
0.84347877639082
0.91152763896255
0.95201916155873
0.09272226524625
0.03887343750107
0.93319725910536
0.29495920243766
0.79667858101065
0.17473143003486
0.70405254032576
0.27721677876006
0.50345447839951
0.47464559575525
0.94256790417296
0.39128568777510
0.05216184787450
0.36543826811523
0.06306479558539
0.97567302874103
0.37858212331745
0.29426835829534
0.16057388585162
0.23474245407743
0.29599591899407
0.31157298140923
0.12700348306792
0.96924482333323
0.11520133281402
0.38864459297183
0.59055297291519
0.86428312716344
0.70243000548246
0.40932454193933
0.17728384003353
0.42422050358960
0.32506393318502
0.44479651679934
0.86667797159387
0.64294038647865
0.06501382685220
0.64988939215455
0.05463557274075
0.71150018690952
0.13387236283876
0.58087367775102
0.70467089522560
0.10515683255142
0.44055064196522
0.91837270412470
0.13828330569201
0.06107723373269
0.20566671607941
0.53179938770388
0.76013220637013
0.58367634486885
0.14464107908882
0.99681618402364
0.99937552904325
0.88395776758844
0.86442774321636
0.59459098993479
0.53998993649402
0.73108235602164
0.28249982430139
0.62080549477521
0.01791989302620
0.50227409986366
0.43044780995838
0.62026374049308
0.73258581068792
0.36376558358279
0.18179189555253
0.98660686572985
0.06189916028294
0.44639566832559
0.79934362725983
0.63017754739632
0.53087023169450
0.25632559178119
0.26160108158814
0.77921154953738
0.52368048073577
0.29074273578056
0.35381401009629
0.65036737871986
0.13871300537018
0.60440520237544
0.19704518314255
0.58239259827003
0.38027907900611
0.55476282950187
0.36469227272584
0.58931866711983
0.41299301212738
0.02428761991681
0.76262914577616
0.74535171092699
0.19910347321988
0.42866569599016
0.18301955832541
0.13531363605901
0.50805648223186
0.13218548827218
0.29580026207336
0.79801695045903
0.47910663727196
0.63570575002681
0.28699392163885
0.56466001688992
0.07057792403657
0.76788774931071
0.60908320534402
0.41299680937518
0.68248938409697
0.67759987638680
0.97948067006356
0.52246356517782
0.24712798323000
0.42631814096090
0.51124328419935
0.05006550888894
0.67500575813452
0.85877666017627
0.46865596084447
0.38875369369370
0.79031180902164
0.51515779204728
0.44166730147550
0.71059840004315
0.79322009278814
0.81685868295062
0.08270920277150
0.55047460551330
0.55404480746730
0.58012236952670
0.58815416000171
0.38891097440774
0.19677981723587
0.02171030928895
0.72618473696994
0.68091768291418
0.18795285154654
0.46445196958750
0.44007750549464
0.41651380439960
0.66044504340177
0.50603913291062
0.80622576917487
0.08949571339646
0.28729106017023
0.54921668063157
0.98139992129427
0.52667047241936
0.32930476306372
0.51755974027733
0.14084278460711
0.59753430360264
0.32906604112749
0.33588338900610
0.99433900261497
0.25375382631079
0.26950565675376
0.75408044031365
0.40679304005338
0.16951725063857
0.65634463944760
0.34027177378522
0.95959699622679
0.70452235086474
0.86677184090987
0.12373279981896
0.54817664467004
0.28943720945791
0.17503839307615
0.40190447792825
0.18426925519365
0.23530451501494
0.38286693656610
0.59617026863235
0.17364041143691
0.30423985937133
0.87767795918621
0.37390571738913
0.67239386124693
0.97461210649797
0.95323455891695
0.26651776058104
0.32146187130043
0.00155586966032
0.61250053969802
0.68851800209200
0.61202463610799
0.32411403574425
0.76391973727165
0.73396360263641
0.57083680951661
0.78214777466315
0.83068819623571
0.31617279005548
0.09018792970362
0.33922678676485
0.65131946580658
0.30923077229695
0.10200607579674
0.52863359641164
0.68555447661065
0.49009801945333
0.49097815215078
0.56390744544316
0.44415483824883
0.14929954836022
0.39787312031684
0.19031217008914
0.09017257411024
0.85697818909952
0.57017465688392
0.71990351410848
0.04209913117893
0.94254244305420
0.10064085665641
0.79833119800494
0.37254601594719
0.17258492587545
0.42502005788528
0.71757917444448
0.95328385575839
0.93084846053484
0.37149516219801
0.27952875802967
0.58729308253893
0.05012545413651
0.35291530646126
0.01760707998184
0.34174614243465
0.25152445106375
0.18730581439295
0.17080811000152
0.56119223577538
0.61338980406099
0.15113405629357
0.05879698141637
0.72550667421340
0.88854599763898
0.90004082993089
0.41891287524431
0.07509260001911
0.92566049500963
0.14324420400302
0.31973838776494
0.25801612425823
0.70950295543298
0.07019515544850
0.54683704116835
0.72255854364687
0.19011408431915
0.37953744512666
0.70917055064499
0.38019874927546
0.79613387405478
0.73422898577886
0.61879288947156
0.89141665763472
0.63130802428205
0.42797605789261
0.27638747365619
0.88118652440115
0.39680430781264
0.58771354704255
0.99964722759921
0.20964729593823
0.20888776870931
0.53521841841453
0.81305348602004
0.97553074460423
0.58838456943935
0.71062333379075
0.12102116775945
0.99969619618738
0.72495999801104
0.72334853981681
0.17080073364384
0.64939702965870
0.93334779314506
0.34319060851917
0.54723109866630
0.99863894693428
0.28709431164033
0.89922599900911
0.10784113900898
0.80243035204521
0.47618689715900
0.12915342822023
0.44543238399365
0.09436719565681
0.42721896833041
0.77150401047055
0.87109813618572
0.76457051919331
0.61052175750686
0.21049154863914
0.58261469691610
0.15552771865240
0.21302725422349
0.57192189570596
0.33132616769165
0.47986920852239
0.29332917974240
0.79654892387653
0.14710233034404
0.07162961741994
0.10011318309292
0.76681852374507
0.95862226324132
0.19456036418199
0.67475488741889
0.13702386370547
0.72527863831315
0.23100631225585
0.81999525827556
0.53684217708428
0.43272367153386
0.84403251215144
0.06385208259181
0.58178484390887
0.46819229204634
0.54712296398780
0.73196356504527
0.13987752311428
0.69521667836382
0.53344543872510
0.84496343169197
0.78413807614584
0.87295358938402
0.06555891223635
0.06720950824858
0.97777560236604
0.34528838271072
0.83106638435149
0.42383354011967
0.57716377617295
0.87643589167481
0.11499235101814
0.59596497684148
0.14554268478526
0.90199039190191
0.90870243638686
0.83278916089014
0.58407509048039
0.11647290383703
0.70258191094522
0.38069260262574
0.35922653858571
0.77057532365239
0.20207889673117
0.08822282776808
0.64019083701570
0.40661911764037
0.14855007480500
0.66835952591469
0.24488940283634
0.03227247248010
0.31104661964506
0.48517254225549
0.99626521801453
0.04193524195826
0.11011822978945
0.44673383095037
0.51249903675823
0.07132373546889
0.57115626694323
0.67592505967913
0.95163855405298
0.77438734524691
0.36020773811947
0.68932110580271
0.89262808878402
0.65969901390808
0.79086673670325
0.69810147985579
0.02750507481073
0.29431340583717
0.60325173243381
0.24584008201255
0.25199440476582
0.63622234534418
0.53808735476153
190110384
1678862029
1736517969
1918608134
1125559225
1632740624
1597816955
1059635668
945339961
1520124163
1186199443
534637109
1055870353
632991014
697100502
31152944
754270994
1831698854
1761978616
304264878
549161660
1495012659
944191381
1078566196
2067646816
204897486
758763536
1469608325
2079390525
1798948762
1162410917
638812170
777715511
604953539
734797044
885447014
933545291
1140251623
27351439
850326124
84592004
380500294
968906321
1759287123
1524701266
2142164776
2017151432
1786971382
1569130781
1851433264
1651515194
571172520
1198346707
1660248226
1658407615
1387991105
389502914
620678577
601935787
1441060514
22526965
1577404805
326738087
638792767
851098166
184599718
245568258
419105514
1559137640
521919279
53535660
112089696
1997467775
1312078806
430011042
2142789165
1841902343
850089162
1030482206
882859755
235535511
985499354
1298679197
629265995
871745186
153947194
496916583
1353203858
517264437
1665505249
476664311
609520859
1507011941
535683668
1391103581
1715593067
1994322808
1488818386
960190141
1448489698
795516046
354672977
2099445064
374747702
1445292661
150580813
1377000176
1915884849
1374704577
808988016
319282823
1306666433
559280022
1380002720
95955756
593180551
1887448489
1412489239
1547178868
2048789881
1399236858
1854895879
966239250
5274397
49697852
80400569
677859649
559842764
198567847
2090645201
456257075
867732760
1662240176
1121279511
1995210794
2100028078
318780858
145394375
1711951511
367775221
2065949537
1197413030
2133928054
2082508936
608188204
2081763112
1435486546
144252520
598473187
1524114749
1082915148
1199233690
1820589
1785469446
1634340924
480238811
1196502070
1382254662
196410471
1026618316
1720651202
1408251811
1441289847
1389668416
449443163
1504881093
1494675635
486370894
1385888008
1593217175
124661380
1526201895
848924191
2004280383
1058558138
417420662
250669417
677053801
1969423926
10648102
2094647591
526910115
1201654150
922289955
1079716037
178362827
115267902
1657564313
271409790
1402783932
1108329258
2091298422
1896209337
1133093496
608107545
593856362
629579113
1526251347
1111155562
841703376
1082915148
1199233690
1820589
1785469446
1634340924
480238811
1196502070
1382254662
196410471
1026618316
1720651202
1408251811
1441289847
1389668416
449443163
1504881093
1494675635
486370894
1385888008
1593217175
124661380
1526201895
848924191
2004280383
1058558138
417420662
250669417
677053801
1969423926
10648102
2094647591
526910115
1201654150
922289955
1079716037
178362827
115267902
1657564313
271409790
1402783932
1108329258
2091298422
1896209337
1133093496
608107545
593856362
629579113
1526251347
1111155562
841703376
948063366
932099905
1819450438
118594625
788923440
1108295434
1917323050
453850477
1347479445
1361235421
53128094
399102816
2134938035
2031197797
533054116
819039194
21643733
341207232
1058733869
218966777
879535862
2085684616
1066927759
1233486295
292875570
638915742
2020069718
2117755499
1119125662
2123062017
1443032916
35406574
1510032980
2140970133
510825209
1993448585
891323244
918334639
464626764
351726950
1794729821
1685965492
1592280729
1934854227
1690236051
1582614458
1754937553
1907499841
245653183
283521007
