1519318188
1426033120
12059519
1873949618
1484742006
602016304
11227543
1145778485
1525748633
1914701950
932487892
948632171
286774045
1574863317
922218844
247310540
297059622
228081932
1819872467
801091272
513858329
1997145938
1012370293
1653503743
1767026203
842568853
1252519042
2098459738
436163829
1916905936
439668243
734555397
1165558358
1628700465
1554741325
543795789
280206705
1186924583
1235312622
1552193364
1446962952
1185562439
1752998470
835074222
644816067
2089587740
1169677443
819644125
1287154939
1649374411
1236934759
451777959
1414458583
587582881
1408116822
780292690
902570703
732313726
2001226958
222298815
1540134799
2015917594
1600199985
507514722
1804287800
1960913714
34790911
577208861
1893068035
1952168852
377654882
1126073337
481125185
794885381
1057584933
1447166915
803008961
1060264974
1358079232
1833783170
1563489420
1394863267
1993347153
1549093588
705750285
1452064946
497914919
879021094
176230287
2019278470
1643919033
989432528
726753057
1784680729
941008182
648734732
149033431
895429687
1763190009
306691284
1523353454
474431116
80321559
282474137
2135276617
168545164
335852373
79211741
2023318233
1927481151
494629751
732707247
973598043
210595305
1286807541
1531035395
1073691134
1710092694
1569943818
2058871535
1148515167
710932353
361738023
916221120
1601902448
1892237154
1334153672
2033536248
341472952
591441556
341189536
1799715368
83123702
371710242
1297567281
1479519399
1380187170
1789133488
1449725627
94430000
770799311
811348292
488093324
179206743
1550057198
1462029298
2082797752
1737457897
1090361327
1320034147
1282664228
716100384
428516163
1984037443
84435197
2023974595
1859166783
956150664
217109641
1669730842
216727646
2107632797
1189713496
2113927116
1999247328
2144862571
1421045716
69902745
1523581649
702662725
785606458
1590866928
783297128
1073931185
236987107
633341039
297920200
1712384016
1115793917
1580318009
142860579
1969534765
721069208
1889736494
318589503
1432767392
1976999198
722277645
1872451411
1645022752
2114921758
2081655141
1618794316
1277931174
1208098691
314544500
1767051888
721640314
1355665956
175607521
1714849371
1799950367
1081327798
581732946
1275555944
1566610969
1084338975
2115422443
126711916
1827910040
1276160296
423050918
1239887327
320394247
170646924
1342793613
1364814167
1070829164
663116399
776008147
697304175
1740234173
116130091
351830734
742701576
1356090115
1945323399
2000339157
1130782953
1514387812
1144998981
825011187
1252135619
1521916946
1199457556
2058891144
1006186898
438316560
1090430950
1195882174
1346018656
1029121503
64344477
1800367591
2032323686
303972101
157633570
719764145
1509283727
1031787387
2029008338
2037667144
2029514072
1295425268
390638676
843664457
379321621
553166343
1522891975
937106850
2130037904
230562620
252361562
670756421
290720269
1634532338
1427915831
768592584
2101365931
545980203
672106458
1465629406
568218919
731533367
283272385
1724862893
891371774
443707196
1239363712
1019561229
770490860
253587873
1256878638
378500512
1129958354
1197653080
628961341
1139323338
39422711
638792200
742855592
1149394319
708236456
524267287
1423835784
887294281
173909053
312577427
1759327235
1640161605
1824102006
361089789
1355030432
2053423165
239580485
2069776885
1093011960
808881837
1938114024
228166079
1470976200
1227454742
1788128112
778571186
1618606180
2039637775
1034080160
646418046
785996937
1658649924
1537926194
1172762457
832390797
1087329360
1284222582
1843056904
2027096819
879390324
165211991
260668617
665301085
1484478004
1280104888
1510850843
860127708
1771220943
1956178238
326318701
566218404
473196444
770886507
838558115
1212152095
1032259392
863595809
1710332546
2088982362
1937382346
1137680007
1066753017
2105919197
1378154156
1047338826
1915513933
341128666
1071838105
1821132094
1493437219
1857078207
760237369
245485407
585548647
1881832232
1755474631
2069223221
1815445273
630327090
633893002
1818243735
960845556
80684587
1496104237
1356330953
1304459259
1315240873
112582142
634729985
1081039076
2096874483
10839043
34952267
350247261
1944373982
51176438
906356932
1606337850
854910964
732252959
2005875267
1261376893
564929040
935498510
311361113
1410672963
214793288
1908784692
546129328
664932489
1101549125
1974527840
1781590226
331997916
885320177
1681722900
733357894
1898904540
63484041
1508321733
361335574
260495278
865736980
851045872
797606575
2120067391
494111278
1560512789
1455194914
625517683
1124878654
394954901
1253237962
334222890
816390410
2014505829
1143671881
831996976
1126351266
201084334
91345390
629665538
824064955
1196685126
1572632948
904671098
355752280
163673862
585821223
814205529
670496229
823809289
1402488675
1243280307
1007146912
1980319172
441463159
291527731
1160440945
149891071
1888667369
24199755
12987420
1054341039
493244950
1367564605
1073463760
1827389362
1777164083
321091586
14122777
856388713
1664163506
2082996757
507968054
892043567
158033922
1887083554
1898191303
827962038
1660489392
224620167
349974495
991037502
1042062316
35182534
261236347
1920325044
1161485928
131494092
1365286733
164006
463348382
143222040
737757427
1852375585
225592684
706017482
547949447
1359296363
787690268
321975948
1713704594
755755930
1628488897
499949401
181598811
1857578000
1400262143
731092520
920598175
896408023
0.666551
0.621556
0.318551
0.990514
0.701296
0.388824
0.174647
0.561276
0.679550
0.804865
0.290286
0.234919
0.733417
0.950939
0.146278
0.202764
0.097724
0.157808
0.102785
0.627753
0.197040
0.000145
0.857481
0.848108
0.033915
0.181840
0.593291
0.535873
0.628871
0.059161
0.759953
0.048481
0.176654
0.104791
0.796072
0.893795
0.412338
0.254155
0.922159
0.795978
0.209243
0.295208
0.556261
0.932856
0.333062
0.966098
0.823473
0.725102
0.868571
0.867195
0.465907
0.631756
0.822799
0.033161
0.893151
0.361405
0.638345
0.858702
0.843227
0.188191
0.559840
0.042883
0.614248
0.689145
0.363362
0.279327
0.057079
0.544694
0.651493
0.244032
0.734244
0.496368
0.644735
0.143001
0.110992
0.391442
0.963131
0.005584
0.377095
0.298604
0.730455
0.326548
0.044662
0.114689
0.278399
0.553901
0.635602
0.141356
0.751410
0.726913
0.385590
0.861625
0.876559
0.929197
0.538395
0.236879
0.569985
0.727966
0.589624
0.250878
0.795546
0.718574
0.132561
0.202238
0.206618
0.432099
0.146460
0.272503
0.513203
0.145356
0.800807
0.633411
0.789137
0.462441
0.794714
0.592210
0.024246
0.523191
0.841300
0.874245
0.230512
0.398352
0.090970
0.801744
0.316912
0.918319
0.778690
0.119322
0.382580
0.069908
0.408294
0.140701
0.060834
0.104651
0.846553
0.426335
0.236591
0.006483
0.301963
0.854731
0.906569
0.543726
0.584392
0.806334
0.845897
0.310067
0.073761
0.650985
0.167316
0.175353
0.526515
0.309234
0.031842
0.105822
0.290966
0.663787
0.804727
0.264695
0.525563
0.927246
0.600920
0.510464
0.972213
0.951927
0.573338
0.417766
0.350099
0.200418
0.749492
0.753380
0.139736
0.813624
0.892006
0.149762
0.823647
0.626248
0.561867
0.685994
0.456029
0.126086
0.505866
0.069377
0.931702
0.349338
0.018264
0.421707
0.712783
0.493768
0.278668
0.827205
0.013707
0.137367
0.721199
0.261861
0.021006
0.222807
0.513007
0.467529
0.378632
0.336147
0.622054
0.382460
0.663535
0.028765
0.034777
0.720290
0.435748
0.339312
0.384093
0.982022
0.714716
0.930730
0.898356
0.073698
0.716358
0.107234
0.653931
0.722728
0.706804
0.986934
0.970339
0.177955
0.977677
0.425000
0.430444
0.335147
0.828738
0.385487
0.832290
0.246726
0.926731
0.900823
0.918368
0.201140
0.380193
0.918451
0.406846
0.645483
0.980080
0.174054
0.733303
0.580131
0.472418
0.038371
0.456603
0.784556
0.884344
0.425932
0.085609
0.900784
0.267128
0.523557
0.631610
0.769671
0.962950
0.066549
0.612647
0.203182
0.375820
0.261770
0.048896
0.003981
0.226176
0.407973
0.852077
0.385974
0.404140
0.801655
0.476313
0.083050
0.584536
0.226282
0.953404
0.388520
0.019517
0.117125
0.063135
0.877960
0.939680
0.364269
0.110731
0.819894
0.345077
0.482081
0.211162
0.661675
0.992463
0.931856
0.366621
0.834724
0.938883
0.461217
0.612760
0.500012
0.204477
0.222773
0.885281
0.250144
0.104894
0.787346
0.696069
0.901012
0.477286
0.183851
0.522696
0.998744
0.800541
0.316546
0.712783
0.895237
0.772802
0.147264
0.532159
0.019233
0.955670
0.329601
0.480250
0.304467
0.088619
0.566375
0.535570
0.599619
0.598620
0.181592
0.347245
0.947481
0.923867
0.682318
0.464164
0.007035
0.797525
0.691142
0.291664
0.929076
0.624017
0.391263
0.026797
0.963940
0.068488
0.706741
0.178478
0.962183
0.777294
0.081306
0.399673
0.162254
0.577071
0.989695
0.107682
0.882894
0.150752
0.863209
0.248379
0.545067
0.165598
0.911650
0.464545
0.134439
0.500770
0.430737
0.891340
0.529912
0.976080
0.479310
0.748403
0.018606
0.970637
0.754123
0.393298
0.698154
0.207126
0.869837
0.501276
0.941800
0.697089
0.934191
0.638173
0.731912
0.342999
0.987594
0.684023
0.717910
0.688073
0.824974
0.972624
0.542998
0.024040
0.536274
0.655320
0.231360
0.005729
0.469151
0.834913
0.607687
0.589985
0.740112
0.497654
0.411177
0.791450
0.983426
0.888130
0.496752
0.221258
0.143777
0.804593
0.520631
0.704130
0.280000
0.562603
0.471981
0.528112
0.872698
0.195013
0.226940
0.908079
0.915519
0.579299
0.808531
0.393571
0.343948
0.752546
0.781775
0.843811
0.420469
0.974265
0.196782
0.863406
0.682490
0.302376
0.915736
0.642800
0.679701
0.373649
0.177935
0.894951
0.018478
0.932663
0.728689
0.206511
0.308822
0.779592
0.074456
0.826358
0.418439
0.444205
0.942827
0.660428
0.501480
0.919263
0.289535
0.508941
0.436578
0.469577
0.376498
0.115477
0.509041
0.282552
0.169082
0.157588
0.162101
0.841866
0.394345
0.422185
0.756983
0.328445
0.845339
0.117744
0.184318
0.413222
0.392978
0.887082
0.601323
0.975818
0.613061
0.922293
0.099478
0.924820
0.091377
0.736288
0.883689
0.411405
0.427276
0.217707
0.041660
0.712436
0.511440
0.457918
0.755139
0.445928
0.055986
0.376158
0.234689
0.995726
0.056529
0.032836
0.706645
0.128866
0.271734
0.878815
0.732971
0.24439589714294
0.02460828192258
0.47251767648351
0.36815388833876
0.09308219838651
0.22284275471320
0.85536976547220
0.34625905696713
0.64082497994713
0.22750141684434
0.02315561673536
0.41841392396106
0.14252785684421
0.78816422657355
0.49589046230880
0.22678216479177
0.96631945030455
0.12902456323107
0.86686771845178
0.88429089697886
0.91948051212101
0.28854740281495
0.41339807612692
0.73680480678233
0.32704805752087
0.06220489033666
0.15376963017926
0.20106265208404
0.09225896114891
0.40381456412025
0.42912267552565
0.01059168901982
0.00581819415905
0.63950631123324
0.73286514119486
0.65420433335206
0.39011063895309
0.52586107048266
0.67719722949445
0.07689483803073
0.37722489930667
0.42994578744719
0.01513386542226
0.22845288338175
0.97895241497947
0.06658860233467
0.38160322818828
0.51648167338262
0.25632017892084
0.34319415355358
0.99887611986697
0.45146134803813
0.11989012935156
0.43371464526829
0.14548641326100
0.39387019545307
0.26481753582891
0.93321639336983
0.61530449952355
0.53712721531383
0.78193410538451
0.48808736873719
0.11151571345993
0.62333598563756
0.79396378946299
0.01271723688907
0.21155133820827
0.00770245432492
0.89107006218471
0.30297098663145
0.90176316868470
0.00640415376198
0.91957745290659
0.55461888459388
0.17869093227009
0.00406635795645
0.18983703866293
0.95885262511542
0.82663731321372
0.91143780496533
0.18237012233132
0.84800860329099
0.45405509163323
0.68006573017371
0.25480612778914
0.92665766061951
0.46470717630111
0.95558303581827
0.48553452140186
0.27345487510769
0.88005027012438
0.41960039651451
0.07384600741717
0.31784642837625
0.35880874584750
0.09522890694310
0.48170003072735
0.86630171879036
0.18586421453774
0.11415545377830
0.72080344150736
0.91170113939158
0.24863042834757
0.23328927690089
0.72272371993728
0.04651173994602
0.67387975939094
0.39375511242764
0.08221911307517
0.40819778124166
0.96602872581763
0.81001181961132
0.52840208745997
0.50983940436722
0.53929308182502
0.51583642271780
0.28894133769414
0.79919371558615
0.85663003790628
0.85866798507077
0.99405590058188
0.29757696608118
0.12936341860158
0.58431461306987
0.48499239388106
0.10124762278828
0.35982918489133
0.67837610063448
0.80205771586580
0.49082641926358
0.35790093465022
0.89513520670326
0.82678439419162
0.95022438153255
0.17909993476606
0.60345824762827
0.52873884750596
0.81021178065782
0.93102912011941
0.48488152004308
0.14777380835467
0.72092340883064
0.30558750511795
0.33212998555543
0.94572973869842
0.64315694664017
0.01193778038385
0.39552958391798
0.54688593727313
0.90430492330607
0.02025769800300
0.91697043366451
0.40365487860458
0.66831530657162
0.45527237096159
0.76121596606425
0.26353282421975
0.45047453214830
0.89343201351885
0.81551865714353
0.75622059498622
0.30044823157695
0.77598511679384
0.57190741095159
0.58779027705582
0.66742247962695
0.72534277527969
0.35149074270634
0.43410124008989
0.63901049539163
0.58290304284080
0.87413465044637
0.22129186280092
0.05359983255660
0.32739698849615
0.54551038583658
0.21064647485909
0.46991162141731
0.30394773044646
0.23047617632787
0.45263992338197
0.13674981560301
0.03114233886335
0.53889424945514
0.91529954405212
0.14238308762634
0.65787130142557
0.47725120317319
0.74062584888942
0.99199844682120
0.83048342796013
0.75493179127644
0.84573362234383
0.82159225845609
0.48655281932594
0.19390448762639
0.80929403216912
0.61904456131610
0.11250102836262
0.51924769461936
0.90608049898941
0.70260485033361
0.25232898481918
0.82783910756763
0.15087611607755
0.77137524841642
0.01328182917540
0.09423347493841
0.55624305612830
0.26250867497131
0.72651268967287
0.10497674219775
0.90586433222892
0.14976866525226
0.54747083018312
0.97218327184071
0.49615018330633
0.52497234207425
0.14818268125752
0.19909843155404
0.44398491756193
0.09793212712726
0.80381323032594
0.81766727385441
0.62892995829432
0.61522354059965
0.41650727704127
0.13204223147276
0.60557478255468
0.06995931257567
0.67375734370179
0.65182466071427
0.24834411178114
0.59339245520937
0.69529475602551
0.03210761751410
0.47985679241545
0.17737635849523
0.78624476379866
0.72965638542987
0.57844398101938
0.67037681205570
0.15514274157454
0.18953992886518
0.79485121007779
0.06788255824629
0.55911868415992
0.07604655590221
0.75727534500186
0.43284598554152
0.45648857759242
0.31574158073659
0.47315303732798
0.23847731310788
0.54613597118594
0.81713961335432
0.10157672124697
0.63271253519494
0.98604238750006
0.03688021126837
0.66854717789276
0.64250092498132
0.55837327227501
0.27084894234132
0.01578289177104
0.43136047929954
0.79951419296581
0.43283736646078
0.64042553381587
0.11320275573207
0.36987213000679
0.24367098460586
0.21626261332582
0.73013054942046
0.69522615684253
0.36896476414561
0.14621233395108
0.69578621606034
0.17967276057131
0.12062736654427
0.03058665447929
0.36602360746718
0.84613070226434
0.46088861551369
0.63649618090018
0.45546598429111
0.39594084214678
0.13105598754926
0.40173948961777
0.50529434443350
0.95193494735617
0.76162592021413
0.42330949022384
0.71090879297428
0.73269634642914
0.62512045399466
0.87855516744759
0.52756831745546
0.93846158250924
0.66555008854101
0.15898818325361
0.93051505868545
0.06570813401674
0.30430568112788
0.30627505907441
0.05932631932765
0.82805600467555
0.08526668172303
0.41128668233306
0.72333456791806
0.98142272185296
0.11381592263574
0.14499237823827
0.58806101211877
0.53277921063458
0.67523349883186
0.84991544481626
0.45699536945734
0.47135031843020
0.92568992514926
0.33886555378254
0.26712169402682
0.98130563868524
0.74998267632478
0.57041045965177
0.04186096112702
0.77413590995817
0.21859634245299
0.43534972193487
0.10622400611475
0.18087483571626
0.57507590373718
0.37323631788009
0.33371679629904
0.94859786819961
0.69367098166460
0.21131279347830
0.73381232306704
0.53732551410815
0.89544729654060
0.38926665587290
0.42662307305714
0.37332123817671
0.15540589115033
0.40176973839061
0.31492350960792
0.00917025041978
0.90856190468196
0.29727795764212
0.83315670640492
0.01194755145121
0.03249873744183
0.24708591803008
0.01191166172188
0.45584876531274
0.38884127281952
0.51483489004686
0.18110132140889
0.95810769818134
0.61571935592018
0.47586748244572
0.58535438931699
0.85572741166673
0.32508090577125
0.16093753222647
0.59373004266724
0.47999907865880
0.44824879753255
0.02337403789019
0.34867213447174
0.91609218533882
0.24410793019124
0.28704304808785
0.36516179299495
0.52191294252875
0.31859463130722
0.24915597711345
0.71245295690602
0.97531226052005
0.36170068098977
0.85256653817500
0.89285775171573
0.38857251139614
0.97708469993264
0.66273605251527
0.98318615581681
0.00653073914220
0.82581537851266
0.18170799474903
0.08616056045166
0.13794716802132
0.02408996316591
0.19252195973485
0.91606903471927
0.97266899128804
0.59743849999547
0.18044447140683
0.63286480180086
0.03926268280815
0.40152550133668
0.84075388675544
0.76276205343381
0.75421065105810
0.95090688630828
0.41576876606631
0.57514321379413
0.31523213578773
0.55882718871174
0.15615817110233
0.20242854885981
0.37416101984710
0.16831106250664
0.26374810364656
0.62173904052089
0.28108687980085
0.66049998398610
0.32609539521221
0.59810614367651
0.27875731648323
0.75162068820422
0.71871849227095
0.50517085681524
0.91779157808227
0.15448222266626
0.84135843755195
0.48041789961189
0.99793490118325
0.38144449128294
0.12292261432124
0.48078214239269
0.87288203695004
0.62896873361105
0.61939318456515
0.02684220941992
0.60623428777672
0.91286047595608
0.02414130117096
0.75880381832824
0.86966924180287
0.14998403949589
0.18558179602439
0.57722135920704
0.03276344615237
0.91652563370008
0.59836082792607
0.26118389626630
0.52410769212877
0.19289533846605
0.00734560386732
0.90489963024831
0.42800958437972
0.64729782307055
0.58526045200112
0.60177432825325
0.61843081872799
0.85820340174438
0.35219191209484
0.04784274693395
0.48572428745920
0.85287592191827
0.47629680685891
0.60155108258318
0.96171095385352
0.29534795945940
0.09844615280937
0.99530141498692
0.83978557715376
0.52148779302067
0.76840394974191
0.96987940854738
0.07980601247211
0.14791258445910
0.76627804097143
0.42304263159206
0.40887014485512
0.51042904164445
0.45082004972348
0.00842219047832
0.12070973034911
0.37951252137630
0.65674755795251
0.97388338657751
0.84594869693792
0.99627898105499
0.52829388990703
0.32612522897868
0.53612699216009
0.04179734571106
0.38796378146259
0.29022231128897
0.06504703955463
0.84289365948820
0.30091654510132
0.59179922472601
0.30615047033245
0.40439877519579
0.30006676693014
0.12147576929751
0.16439521732469
0.29479923960034
132160837
1590045634
572998684
535426631
2035021558
1321766978
841786435
1834117734
1601058066
936071460
1539773974
229258807
719095824
1544468387
1804878971
34684357
1783446270
1532162905
1925035341
8079570
1312817337
528383937
1468141516
163740485
1469305353
589471769
1985412317
821821692
1787012760
2021049256
1588435774
460861185
2110206672
977863766
9986444
1507965978
1538438290
1005146555
1053829161
646714044
1476966607
1839086198
1388246287
1284447835
1369613320
2132649460
1747583856
1513051679
1979754401
556871827
1739678026
1688413939
1394060829
1702706210
142761158
1256931065
674474044
867378882
573234061
1384750171
1516143856
615152170
559322603
1321967997
2119171639
642925896
960761817
662032530
1180189916
562246214
231606765
223096967
215971078
282348262
1994327067
59817310
1423285692
470793544
401034344
142714327
1672152378
1059214094
1079702382
1099135114
687748138
1472179416
724820168
1901576788
637350339
1322693674
987046235
2028404777
39926461
146085297
1448569219
1763518026
1372593455
1086191068
689677594
864181970
793280037
1582421121
1303331892
1733881858
1601374588
1976647084
1737338874
393027171
1870227560
546837173
479531248
1722597854
1454092851
1267955816
647201799
206573599
1725749666
1759629210
613583319
1638414161
793928791
1849232578
767774679
578103762
466603864
1720078141
1811066286
984276091
1949431478
1231554087
1244363951
1821758866
649655890
570724569
662114154
1775929942
193927618
1008593164
109752166
753183021
1114739033
1002407056
130426611
61017716
1354482251
152976560
1196588324
444776939
2040014839
2094704943
1519318188
1426033120
12059519
1873949618
1484742006
602016304
11227543
1145778485
1525748633
1914701950
932487892
948632171
286774045
1574863317
922218844
247310540
297059622
228081932
1819872467
801091272
513858329
1997145938
1012370293
1653503743
1767026203
842568853
1252519042
2098459738
436163829
1916905936
439668243
734555397
1165558358
1628700465
1554741325
543795789
280206705
1186924583
1235312622
1552193364
1446962952
1185562439
1752998470
835074222
644816067
2089587740
1169677443
819644125
1287154939
1649374411
1519318188
1426033120
12059519
1873949618
1484742006
602016304
11227543
1145778485
1525748633
1914701950
932487892
948632171
286774045
1574863317
922218844
247310540
297059622
228081932
1819872467
801091272
513858329
1997145938
1012370293
1653503743
1767026203
842568853
1252519042
2098459738
436163829
1916905936
439668243
734555397
1165558358
1628700465
1554741325
543795789
280206705
1186924583
1235312622
1552193364
1446962952
1185562439
1752998470
835074222
644816067
2089587740
1169677443
819644125
1287154939
1649374411
2129106294
324246799
209545887
1393979611
1102645140
1149182893
1690984822
694903242
1122073028
343423450
1316159802
772506814
1997653610
2044311118
2110665040
1093392335
708209004
563020986
312610139
1608756074
2092806467
1662256380
67241153
919071422
759636339
697031486
689172620
722296326
434563154
1619655405
220131752
1586356401
618703430
571250324
2081180044
2057397612
1856455758
61177494
904511287
1264222733
2037090296
1107712199
1751548563
1346313567
586306227
1693907690
1259266103
1659418823
724222593
1292407299
